153,152,151,150,149,148,147,146,145,61,58,56,55,52,51,50,49,48,47,46,41,40,39,38,37,36,35,34,33,32,31,30,-1,								// 0:NG【3.4.0】ALLセットネコルガ有り（3.0追加）
153,152,151,150,149,148,147,146,145,143,59,57,44,43,42,61,58,56,55,52,51,50,49,48,47,46,41,40,39,38,37,36,35,33,32,31,30,-1,						// 1:NG【3.4.0】超激ダイナマイツセット（ねこナース追加,　3.0追加）
161,160,64,65,66,67,68,-1,																		// 2:NG【4.6.0】ケリ姫ガチャ(元3.4.0。4.6.0:バナー画像追加改修）
158,153,152,151,150,149,148,147,146,145,124,125,73,72,71,61,58,56,55,52,51,50,49,48,47,46,41,40,39,38,37,36,35,33,32,31,30,-1,					// 3:NG【3.4.0】戦国武神バサラーズ（上杉(3.2)追加,　3.0追加）
159,153,152,151,150,149,148,147,146,145,107,106,105,75,76,61,58,56,55,52,51,50,49,48,47,46,41,40,39,38,37,36,35,33,32,31,30,-1,					// 4:NG【3.4.0】電脳戦隊ギャラクシーギャルズ（カリファ(3.2)追加,　3.0追加）
153,152,151,150,149,148,147,146,145,144,131,129,61,58,56,55,52,51,50,49,48,47,46,41,40,39,38,37,36,35,34,33,32,31,30,-1,						// 5:NG【3.4.0】(金ネコ,城ねこ,ねねこ)ALLセットネコルガ有り（3.0追加）
153,152,151,150,149,148,147,146,145,144,143,131,129,59,57,44,43,42,61,58,56,55,52,51,50,49,48,47,46,41,40,39,38,37,36,35,33,32,31,30,-1,				// 6:NG【3.4.0】(金ネコ,城ねこ,ねねこ)超激ダイナマイツセット（ねこナース追加,　3.0追加）
158,153,152,151,150,149,148,147,146,145,144,131,129,124,125,73,72,71,61,58,56,55,52,51,50,49,48,47,46,41,40,39,38,37,36,35,33,32,31,30,-1,				// 7:NG【3.4.0】(金ネコ,城ねこ,ねねこ)戦国武神バサラーズ（上杉(3.2)追加,　3.0追加）
159,153,152,151,150,149,148,147,146,145,144,131,129,107,106,105,75,76,61,58,56,55,52,51,50,49,48,47,46,41,40,39,38,37,36,35,33,32,31,30,-1,				// 8:NG【3.4.0】(金ネコ,城ねこ,ねねこ)電脳戦隊ギャラクシーギャルズ（カリファ(3.2)追加,　3.0追加）
153,152,151,150,149,148,147,146,145,144,131,129,84,83,87,85,86,61,58,56,55,52,51,50,49,48,47,46,41,40,39,38,37,36,35,33,32,31,30,-1,					// 9:NG【3.4.0】(金ネコ,城ねこ,ねねこ)超破壊大帝ドラゴンエンペラーズALL（3.0追加）
153,152,151,150,149,148,147,146,145,84,83,87,85,86,61,58,56,55,52,51,50,49,48,47,46,41,40,39,38,37,36,35,33,32,31,30,-1,						//10:NG【3.4.0】超破壊大帝ドラゴンエンペラーズALL（3.0追加）
153,152,151,150,149,148,147,146,145,89,61,58,56,55,52,51,50,49,48,47,46,41,40,39,38,37,36,35,33,32,31,30,-1,								//11:NG【3.4.0】拡散性ミリオアーサー、ニムエ（3.0追加）
153,152,151,150,149,148,147,146,145,90,61,58,56,55,52,51,50,49,48,47,46,41,40,39,38,37,36,35,33,32,31,30,-1,								//12:NG【3.4.0】ドラゴンポーカー、猿王（3.0追加）
110,111,112,113,114,115,116,117,118,119,-1,																//13:NG【3.4.0】メルクストーリア
136,153,152,151,150,149,148,147,146,145,124,105,87,86,76,61,58,56,55,52,51,50,49,48,47,46,43,42,41,40,39,38,37,36,35,33,32,31,30,-1,					//14:NG【3.4.0】レッドバスターズ（モモタロウ(3.2)追加,　3.0追加）
153,152,151,150,149,148,147,146,145,138,137,136,135,134,61,58,56,55,52,51,50,49,48,47,46,41,40,39,38,37,36,35,33,32,31,30,-1,						//15:NG【3.4.0】超古代勇者ウルトラソウルズ	（3.0追加）
153,152,151,150,149,148,147,146,145,144,138,137,136,135,134,131,129,61,58,56,55,52,51,50,49,48,47,46,41,40,39,38,37,36,35,33,32,31,30,-1,				//16:NG【3.4.0】(金ネコ,城ねこ,ねねこ)超古代勇者ウルトラソウルズ（3.3）
171,170,169,168,153,152,151,150,149,148,147,146,145,61,58,56,55,52,51,50,49,48,47,46,41,40,39,38,37,36,35,34,33,32,31,30,-1,						//17:NG【3.4.0】ALLセットネコルガ５体(3.4)
171,170,169,168,153,152,151,150,149,148,147,146,145,144,131,129,61,58,56,55,52,51,50,49,48,47,46,41,40,39,38,37,36,35,34,33,32,31,30,-1,				//18:NG【3.5.0】(金ネコ,城ねこ,ねねこ)ALLセットネコルガ５体
177,153,152,151,150,149,148,147,146,145,84,83,87,85,86,61,58,56,55,52,51,50,49,48,47,46,41,40,39,38,37,36,35,33,32,31,30,-1,						//19:NG【3.5.0】超破壊大帝ドラゴンエンペラーズALL
177,153,152,151,150,149,148,147,146,145,144,131,129,84,83,87,85,86,61,58,56,55,52,51,50,49,48,47,46,41,40,39,38,37,36,35,33,32,31,30,-1,				//20:NG【3.5.0】(金ネコ,城ねこ,ねねこ)超破壊大帝ドラゴンエンペラーズALL
136,153,152,151,150,149,148,147,146,145,144,131,129,124,105,87,86,76,61,58,56,55,52,51,50,49,48,47,46,43,42,41,40,39,38,37,36,35,33,32,31,30,-1,			//21:NG【3.5.0】(金ネコ,城ねこ,ねねこ)レッドバスターズ（モモタロウ(3.2)追加,　3.0追加）
174,173,153,152,151,150,149,148,147,146,145,144,131,129,61,58,56,55,52,51,50,49,48,47,46,41,40,39,38,37,36,35,33,32,31,30,-1,					//22:NG【3.5.0】(金ネコ,城ねこ,ねねこ)生きろ！マンボウ！（3.0追加）
180,153,152,151,150,149,148,147,146,145,144,131,129,61,58,56,55,52,51,50,49,48,47,46,41,40,39,38,37,36,35,33,32,31,30,-1,						//23:NG【3.6.0】(金ネコ,城ねこ,ねねこ)消滅都市
190,189,188,187,186,185,110,111,112,113,114,115,116,117,118,119,-1,													//24:  【3.8.0】メルクストーリア　第二弾
199,198,197,171,170,169,168,153,152,151,150,149,148,147,146,145,61,58,56,55,52,51,50,49,48,47,46,41,40,39,38,37,36,35,34,33,32,31,30,-1,				//25:NG【4.0.0】伝説のネコルガ族
200,199,198,197,171,170,169,168,153,152,151,150,149,148,147,146,145,144,131,129,61,58,56,55,52,51,50,49,48,47,46,41,40,39,38,37,36,35,34,33,32,31,30,-1,		//26:NG【4.0.0】『＋４キャラ』伝説のネコルガ族
199,198,197,153,152,151,150,149,148,147,146,145,143,59,57,44,43,42,61,58,56,55,52,51,50,49,48,47,46,41,40,39,38,37,36,35,33,32,31,30,-1,				//27:NG【4.0.0】超激ダイナマイツセット
200,199,198,197,153,152,151,150,149,148,147,146,145,144,143,131,129,59,57,44,43,42,61,58,56,55,52,51,50,49,48,47,46,41,40,39,38,37,36,35,33,32,31,30,-1,		//28:NG【4.0.0】『＋４キャラ』超激ダイナマイツセット
199,198,197,158,153,152,151,150,149,148,147,146,145,124,125,73,72,71,61,58,56,55,52,51,50,49,48,47,46,41,40,39,38,37,36,35,33,32,31,30,-1,				//29:NG【4.0.0】戦国武神バサラーズ 
200,199,198,197,158,153,152,151,150,149,148,147,146,145,144,131,129,124,125,73,72,71,61,58,56,55,52,51,50,49,48,47,46,41,40,39,38,37,36,35,33,32,31,30,-1,		//30:NG【4.0.0】『＋４キャラ』戦国武神バサラーズ
199,198,197,159,153,152,151,150,149,148,147,146,145,107,106,105,75,76,61,58,56,55,52,51,50,49,48,47,46,41,40,39,38,37,36,35,33,32,31,30,-1,				//31:NG【4.0.0】電脳戦隊ギャラクシーギャルズ
200,199,198,197,159,153,152,151,150,149,148,147,146,145,144,131,129,107,106,105,75,76,61,58,56,55,52,51,50,49,48,47,46,41,40,39,38,37,36,35,33,32,31,30,-1,		//32:NG【4.0.0】『＋４キャラ』戦隊ギャラクシーギャルズ
199,198,197,177,153,152,151,150,149,148,147,146,145,84,83,87,85,86,61,58,56,55,52,51,50,49,48,47,46,41,40,39,38,37,36,35,33,32,31,30,-1,				//33:NG【4.0.0】超破壊大帝ドラゴンエンペラーズ
200,199,198,197,177,153,152,151,150,149,148,147,146,145,144,131,129,84,83,87,85,86,61,58,56,55,52,51,50,49,48,47,46,41,40,39,38,37,36,35,33,32,31,30,-1,		//34:NG【4.0.0】『＋４キャラ』超破壊大帝ドラゴンエンペラーズ
199,198,197,136,153,152,151,150,149,148,147,146,145,124,105,87,86,76,61,58,56,55,52,51,50,49,48,47,46,43,42,41,40,39,38,37,36,35,33,32,31,30,-1,			//35:NG【4.0.0】レッドバスターズ
200,199,198,197,136,153,152,151,150,149,148,147,146,145,144,131,129,124,105,87,86,76,61,58,56,55,52,51,50,49,48,47,46,43,42,41,40,39,38,37,36,35,33,32,31,30,-1,	//36:NG【4.0.0】『＋４キャラ』レッドバスターズ
199,198,197,153,152,151,150,149,148,147,146,145,138,137,136,135,134,61,58,56,55,52,51,50,49,48,47,46,41,40,39,38,37,36,35,33,32,31,30,-1,				//37:NG【4.0.0】超古代勇者ウルトラソウルズ
200,199,198,197,153,152,151,150,149,148,147,146,145,144,138,137,136,135,134,131,129,61,58,56,55,52,51,50,49,48,47,46,41,40,39,38,37,36,35,33,32,31,30,-1,		//38:NG【4.0.0】『＋４キャラ』超古代勇者ウルトラソウルズ
199,198,197,196,195,194,153,152,151,150,149,148,147,146,145,61,58,56,55,52,51,50,49,48,47,46,41,40,39,38,37,36,35,33,32,31,30,-1,					//39:NG【4.0.0】ダークヒーローズ
200,199,198,197,196,195,194,153,152,151,150,149,148,147,146,145,144,131,129,61,58,56,55,52,51,50,49,48,47,46,41,40,39,38,37,36,35,33,32,31,30,-1,			//40:NG【4.0.0】『＋４キャラ』ダークヒーローズ
203,199,198,197,153,152,151,150,149,148,147,146,145,138,137,136,135,134,61,58,56,55,52,51,50,49,48,47,46,41,40,39,38,37,36,35,33,32,31,30,-1,				//41:NG【4.1.0】超古代勇者ウルトラソウルズ
203,200,199,198,197,153,152,151,150,149,148,147,146,145,144,138,137,136,135,134,131,129,61,58,56,55,52,51,50,49,48,47,46,41,40,39,38,37,36,35,33,32,31,30,-1,		//42:NG【4.1.0】『＋４キャラ』超古代勇者ウルトラソウルズ
212,199,198,197,196,195,194,153,152,151,150,149,148,147,146,145,61,58,56,55,52,51,50,49,48,47,46,41,40,39,38,37,36,35,33,32,31,30,-1,					//43:NG【4.2.0】ダークヒーローズ
212,200,199,198,197,196,195,194,153,152,151,150,149,148,147,146,145,144,131,129,61,58,56,55,52,51,50,49,48,47,46,41,40,39,38,37,36,35,33,32,31,30,-1,			//44:NG【4.2.0】『＋４キャラ』ダークヒーローズ
215,216,217,218,219,220,221,222,223,224,225,-1,															//45:  【4.3.0】メタルスラッグディフェンス
230,229,228,199,198,197,153,152,151,150,149,148,147,146,145,61,58,56,55,52,51,50,49,48,47,46,41,40,39,38,37,36,35,33,32,31,30,-1,					//46:NG【4.3.0】ハロウィン
226,212,199,198,197,196,195,194,153,152,151,150,149,148,147,146,145,61,58,56,55,52,51,50,49,48,47,46,41,40,39,38,37,36,35,33,32,31,30,-1,				//47:NG【4.3.0】ダークヒーローズ
226,212,200,199,198,197,196,195,194,153,152,151,150,149,148,147,146,145,144,131,129,61,58,56,55,52,51,50,49,48,47,46,41,40,39,38,37,36,35,33,32,31,30,-1,		//48:NG【4.3.0】『＋４キャラ』ダークヒーローズ
236,235,234,233,232,-1,																		//49:  【4.4.0】ゆるドラシル
240,199,198,197,171,170,169,168,153,152,151,150,149,148,147,146,145,61,58,56,55,52,51,50,49,48,47,46,41,40,39,38,37,36,35,34,33,32,31,30,-1,				//50:NG【4.4.0】伝説のネコルガ族
240,200,199,198,197,171,170,169,168,153,152,151,150,149,148,147,146,145,144,131,129,61,58,56,55,52,51,50,49,48,47,46,41,40,39,38,37,36,35,34,33,32,31,30,-1,		//51:NG【4.4.0】『＋４キャラ』伝説のネコルガ族
240,239,238,237,199,198,197,171,170,169,168,153,152,151,150,149,148,147,146,145,61,58,56,55,52,51,50,49,48,47,46,41,40,39,38,37,36,35,34,33,32,31,30,-1,		//52:NG【4.4.0】『支援隊入り』伝説のネコルガ族
239,238,237,199,198,197,153,152,151,150,149,148,147,146,145,143,59,57,44,43,42,61,58,56,55,52,51,50,49,48,47,46,41,40,39,38,37,36,35,33,32,31,30,-1,			//53:NG【4.4.0】『支援隊入り』超激ダイナマイツセット
239,238,237,199,198,197,158,153,152,151,150,149,148,147,146,145,124,125,73,72,71,61,58,56,55,52,51,50,49,48,47,46,41,40,39,38,37,36,35,33,32,31,30,-1,		//54:NG【4.4.0】『支援隊入り』戦国武神バサラーズ 
239,238,237,199,198,197,159,153,152,151,150,149,148,147,146,145,107,106,105,75,76,61,58,56,55,52,51,50,49,48,47,46,41,40,39,38,37,36,35,33,32,31,30,-1,		//55:NG【4.4.0】『支援隊入り』電脳戦隊ギャラクシーギャルズ
239,238,237,199,198,197,177,153,152,151,150,149,148,147,146,145,84,83,87,85,86,61,58,56,55,52,51,50,49,48,47,46,41,40,39,38,37,36,35,33,32,31,30,-1,			//56:NG【4.4.0】『支援隊入り』超破壊大帝ドラゴンエンペラーズ
212,199,198,197,136,153,152,151,150,149,148,147,146,145,124,105,87,86,76,61,58,56,55,52,51,50,49,48,47,46,43,42,41,40,39,38,37,36,35,33,32,31,30,-1,			//57:NG【4.4.0】レッドバスターズ
212,200,199,198,197,136,153,152,151,150,149,148,147,146,145,144,131,129,124,105,87,86,76,61,58,56,55,52,51,50,49,48,47,46,43,42,41,40,39,38,37,36,35,33,32,31,30,-1,	//58:NG【4.4.0】『＋４キャラ』レッドバスターズ
239,238,237,212,199,198,197,136,153,152,151,150,149,148,147,146,145,124,105,87,86,76,61,58,56,55,52,51,50,49,48,47,46,43,42,41,40,39,38,37,36,35,33,32,31,30,-1,	//59:NG【4.4.0】『支援隊入り』レッドバスターズ
239,238,237,203,199,198,197,153,152,151,150,149,148,147,146,145,138,137,136,135,134,61,58,56,55,52,51,50,49,48,47,46,41,40,39,38,37,36,35,33,32,31,30,-1,		//60:NG【4.4.0】『支援隊入り』超古代勇者ウルトラソウルズ
239,238,237,226,212,199,198,197,196,195,194,153,152,151,150,149,148,147,146,145,61,58,56,55,52,51,50,49,48,47,46,41,40,39,38,37,36,35,33,32,31,30,-1,			//61:NG【4.4.0】『支援隊入り』ダークヒーローズ
200,199,198,197,174,173,153,152,151,150,149,148,147,146,145,144,131,129,61,58,56,55,52,51,50,49,48,47,46,41,40,39,38,37,36,35,33,32,31,30,-1,			//62:  【4.4.1】『＋４キャラ』生きろ！マンボウ！
239,238,237,199,198,197,174,173,153,152,151,150,149,148,147,146,145,61,58,56,55,52,51,50,49,48,47,46,41,40,39,38,37,36,35,33,32,31,30,-1,				//63:  【4.4.1】『支援隊入り』生きろ！マンボウ！
243,242,241,199,198,197,153,152,151,150,149,148,147,146,145,61,58,56,55,52,51,50,49,48,47,46,41,40,39,38,37,36,35,33,32,31,30,-1,					//64:NG【4.5.0】クリスマス
240,226,203,200,200,199,198,197,177,159,158,153,152,151,150,149,148,147,146,145,144,144,143,131,131,129,129,61,58,56,55,52,51,50,49,48,47,46,41,40,39,38,37,36,35,33,32,31,30,-1,	//65:NG【4.5.0】『＋４キャラ』年末(+4キャラ排出確率2倍設定)
239,239,238,238,237,237,212,199,198,197,169,153,152,151,150,149,148,147,146,145,135,105,86,71,61,58,57,56,55,52,51,50,49,48,47,46,41,40,39,38,37,36,35,33,32,31,30,-1,		//66:NG【4.5.0】『支援隊入り』年始(+4キャラ排出確率2倍設定)
259,258,257,199,198,197,153,152,151,150,149,148,147,146,145,61,58,56,55,52,51,50,49,48,47,46,41,40,39,38,37,36,35,33,32,31,30,-1,					//67:NG【4.6.0】究極降臨ギガントゼウス
259,258,257,200,144,131,129,199,198,197,153,152,151,150,149,148,147,146,145,61,58,56,55,52,51,50,49,48,47,46,41,40,39,38,37,36,35,33,32,31,30,-1,			//68:NG【4.6.0】『＋４キャラ』究極降臨ギガントゼウス
259,258,257,239,238,237,199,198,197,153,152,151,150,149,148,147,146,145,61,58,56,55,52,51,50,49,48,47,46,41,40,39,38,37,36,35,33,32,31,30,-1,			//69:NG【4.6.0】『支援隊入り』究極降臨ギガントゼウス
261,226,212,199,198,197,196,195,194,153,152,151,150,149,148,147,146,145,61,58,56,55,52,51,50,49,48,47,46,41,40,39,38,37,36,35,33,32,31,30,-1,				//70:NG【4.7.0】ダークヒーローズ
261,226,212,200,199,198,197,196,195,194,153,152,151,150,149,148,147,146,145,144,131,129,61,58,56,55,52,51,50,49,48,47,46,41,40,39,38,37,36,35,33,32,31,30,-1,		//71:NG【4.7.0】『＋４キャラ』ダークヒーローズ
261,239,238,237,226,212,199,198,197,196,195,194,153,152,151,150,149,148,147,146,145,61,58,56,55,52,51,50,49,48,47,46,41,40,39,38,37,36,35,33,32,31,30,-1,		//72:NG【4.7.0】『支援隊入り』ダークヒーローズ
34,42,43,44,57,59,71,72,73,75,76,83,84,85,86,87,105,106,107,124,125,134,135,136,137,138,143,158,159,168,169,170,171,177,194,195,196,203,212,226,240,257,258,259,200,144,131,129,237,238,239,199,198,197,153,152,151,150,149,148,147,146,145,61,58,56,55,52,51,50,49,48,47,46,41,40,39,38,37,36,35,33,32,31,30,-1,		//73:NG【4.7.0】超ネコ祭（ダークヒーロズ新キャラ「なし」）
34,42,43,44,57,59,71,72,73,75,76,83,84,85,86,87,105,106,107,124,125,134,135,136,137,138,143,158,159,168,169,170,171,177,194,195,196,203,212,226,261,240,257,258,259,200,144,131,129,237,238,239,199,198,197,153,152,151,150,149,148,147,146,145,61,58,56,55,52,51,50,49,48,47,46,41,40,39,38,37,36,35,33,32,31,30,-1,	//74:NG【4.7.0】超ネコ祭（ダークヒーロズ新キャラ「あり」）
269,34,42,43,44,57,59,71,72,73,75,76,83,84,85,86,87,105,106,107,124,125,134,135,136,137,138,143,158,159,168,169,170,171,177,194,195,196,203,212,226,261,240,257,258,259,200,144,131,129,237,238,239,199,198,197,153,152,151,150,149,148,147,146,145,61,58,56,55,52,51,50,49,48,47,46,41,40,39,38,37,36,35,33,32,31,30,-1,	//75:NG【5.0.0】超ネコ祭
270,180,200,199,198,197,153,152,151,150,149,148,147,146,145,144,131,129,61,58,56,55,52,51,50,49,48,47,46,41,40,39,38,37,36,35,33,32,31,30,-1,			//76:  【5.1.0】『＋４キャラ』消滅都市
270,180,239,238,237,199,198,197,153,152,151,150,149,148,147,146,145,61,58,56,55,52,51,50,49,48,47,46,41,40,39,38,37,36,35,33,32,31,30,-1,				//77:  【5.1.0】『支援隊入り』消滅都市
271,259,258,257,199,198,197,153,152,151,150,149,148,147,146,145,61,58,56,55,52,51,50,49,48,47,46,41,40,39,38,37,36,35,33,32,31,30,-1,				//78:NG【5.1.0】究極降臨ギガントゼウス
271,259,258,257,200,144,131,129,199,198,197,153,152,151,150,149,148,147,146,145,61,58,56,55,52,51,50,49,48,47,46,41,40,39,38,37,36,35,33,32,31,30,-1,		//79:NG【5.1.0】『＋４キャラ』究極降臨ギガントゼウス
271,259,258,257,239,238,237,199,198,197,153,152,151,150,149,148,147,146,145,61,58,56,55,52,51,50,49,48,47,46,41,40,39,38,37,36,35,33,32,31,30,-1,			//80:NG【5.1.0】『支援隊入り』究極降臨ギガントゼウス
271,269,34,42,43,44,57,59,71,72,73,75,76,83,84,85,86,87,105,106,107,124,125,134,135,136,137,138,143,158,159,168,169,170,171,177,194,195,196,203,212,226,261,240,257,258,259,200,144,131,129,237,238,239,199,198,197,153,152,151,150,149,148,147,146,145,61,58,56,55,52,51,50,49,48,47,46,41,40,39,38,37,36,35,33,32,31,30,-1,	//81:NG【5.1.0】超ネコ祭
272,271,259,258,257,199,198,197,153,152,151,150,149,148,147,146,145,61,58,56,55,52,51,50,49,48,47,46,41,40,39,38,37,36,35,33,32,31,30,-1,				//82:NG【5.2.0】究極降臨ギガントゼウス
272,271,259,258,257,200,144,131,129,199,198,197,153,152,151,150,149,148,147,146,145,61,58,56,55,52,51,50,49,48,47,46,41,40,39,38,37,36,35,33,32,31,30,-1,		//83:NG【5.2.0】『＋４キャラ』究極降臨ギガントゼウス
272,271,259,258,257,239,238,237,199,198,197,153,152,151,150,149,148,147,146,145,61,58,56,55,52,51,50,49,48,47,46,41,40,39,38,37,36,35,33,32,31,30,-1,		//84:NG【5.2.0】『支援隊入り』究極降臨ギガントゼウス
276,275,274,199,198,197,153,152,151,150,149,148,147,146,145,61,58,56,55,52,51,50,49,48,47,46,41,40,39,38,37,36,35,33,32,31,30,-1,					//85:NG【5.2.0】サマーガールズ
283,269,34,168,169,170,171,240,42,43,44,57,59,143,71,72,73,124,125,158,75,76,105,106,107,159,83,84,85,86,87,177,134,135,136,137,138,203,194,195,196,212,226,261,257,258,259,271,272,-1,	//86:NG【5.4.0】『プラチナガチャ』ver5.3.0まで
286,283,269,34,168,169,170,171,240,42,43,44,57,59,143,71,72,73,124,125,158,75,76,105,106,107,159,83,84,85,86,87,177,134,135,136,137,138,203,194,195,196,212,226,261,257,258,259,271,272,-1,	//87:NG【5.4.0】『プラチナガチャ』ver5.4.0まで
272,271,269,34,42,43,44,57,59,71,72,73,75,76,83,84,85,86,87,105,106,107,124,125,134,135,136,137,138,143,158,159,168,169,170,171,177,194,195,196,203,212,226,261,240,257,258,259,200,144,131,129,237,238,239,199,198,197,153,152,151,150,149,148,147,146,145,61,58,56,55,52,51,50,49,48,47,46,41,40,39,38,37,36,35,33,32,31,30,-1,	//88:NG【5.2.0】超ネコ祭
283,212,199,198,197,136,153,152,151,150,149,148,147,146,145,124,105,87,86,76,61,58,56,55,52,51,50,49,48,47,46,43,42,41,40,39,38,37,36,35,33,32,31,30,-1,			//89:NG【5.3.0】レッドバスターズ
283,212,200,199,198,197,136,153,152,151,150,149,148,147,146,145,144,131,129,124,105,87,86,76,61,58,56,55,52,51,50,49,48,47,46,43,42,41,40,39,38,37,36,35,33,32,31,30,-1,	//90:NG【5.3.0】『＋４キャラ』レッドバスターズ
283,239,238,237,212,199,198,197,136,153,152,151,150,149,148,147,146,145,124,105,87,86,76,61,58,56,55,52,51,50,49,48,47,46,43,42,41,40,39,38,37,36,35,33,32,31,30,-1,		//91:NG【5.3.0】『支援隊入り』レッドバスターズ
286,196,143,135,107,106,84,83,75,59,239,238,237,200,144,131,129,199,198,197,153,152,151,150,149,148,147,146,145,61,58,56,55,52,51,50,49,48,47,46,41,40,39,38,37,36,35,33,32,31,30,-1,	//92:NG【5.4.0】エアーバスターズ
283,239,238,237,200,144,131,129,212,199,198,197,136,153,152,151,150,149,148,147,146,145,124,105,87,86,76,61,58,56,55,52,51,50,49,48,47,46,43,42,41,40,39,38,37,36,35,33,32,31,30,-1,		//93:NG【5.4.0】レッドバスターズ
288,289,290,291,292,289,290,291,292,289,290,291,292,293,289,290,291,292,293,289,290,291,292,293,288,289,290,291,292,293,294,295,296,297,298,288,289,290,291,292,293,294,295,296,297,298,288,289,290,291,292,293,294,295,296,297,298,272,271,34,42,43,44,57,59,71,72,73,75,76,83,84,85,86,87,105,106,107,124,125,134,135,136,137,138,143,158,159,168,169,170,171,177,194,195,196,203,212,226,261,240,257,258,259,199,198,197,153,152,151,150,149,148,147,146,145,61,58,56,55,52,51,50,49,48,47,46,41,40,39,38,37,36,35,33,32,31,30,-1,			//94:  【5.5.0】魔法少女まどかマギカ(A)
288,289,290,291,292,288,289,290,291,292,288,289,290,291,292,293,288,289,290,291,292,293,288,289,290,291,292,293,288,289,290,291,292,293,294,295,296,297,298,288,289,290,291,292,293,294,295,296,297,298,288,289,290,291,292,293,294,295,296,297,298,272,271,34,42,43,44,57,59,71,72,73,75,76,83,84,85,86,87,105,106,107,124,125,134,135,136,137,138,143,158,159,168,169,170,171,177,194,195,196,203,212,226,261,240,257,258,259,199,198,197,153,152,151,150,149,148,147,146,145,61,58,56,55,52,51,50,49,48,47,46,41,40,39,38,37,36,35,33,32,31,30,-1,	//95:  【5.5.0】魔法少女まどかマギカ(B)
302,230,229,228,199,198,197,153,152,151,150,149,148,147,146,145,61,58,56,55,52,51,50,49,48,47,46,41,40,39,38,37,36,35,33,32,31,30,-1,						// 96:  【5.5.0】ハロウィン　第二弾
307,308,240,199,198,197,171,170,169,168,153,152,151,150,149,148,147,146,145,61,58,56,55,52,51,50,49,48,47,46,41,40,39,38,37,36,35,34,33,32,31,30,-1,				// 97:NG【5.6.0】伝説のネコルガ族
307,308,240,200,199,198,197,171,170,169,168,153,152,151,150,149,148,147,146,145,144,131,129,61,58,56,55,52,51,50,49,48,47,46,41,40,39,38,37,36,35,34,33,32,31,30,-1,		// 98:NG【5.6.0】『＋４キャラ』伝説のネコルガ族
307,308,240,239,238,237,199,198,197,171,170,169,168,153,152,151,150,149,148,147,146,145,61,58,56,55,52,51,50,49,48,47,46,41,40,39,38,37,36,35,34,33,32,31,30,-1,		// 99:NG【5.6.0】『支援隊入り』伝説のネコルガ族
307,308,199,198,197,153,152,151,150,149,148,147,146,145,143,59,57,44,43,42,61,58,56,55,52,51,50,49,48,47,46,41,40,39,38,37,36,35,33,32,31,30,-1,				//100:NG【5.6.0】超激ダイナマイツセット
307,308,200,199,198,197,153,152,151,150,149,148,147,146,145,144,143,131,129,59,57,44,43,42,61,58,56,55,52,51,50,49,48,47,46,41,40,39,38,37,36,35,33,32,31,30,-1,		//101:NG【5.6.0】『＋４キャラ』超激ダイナマイツセット
307,308,239,238,237,199,198,197,153,152,151,150,149,148,147,146,145,143,59,57,44,43,42,61,58,56,55,52,51,50,49,48,47,46,41,40,39,38,37,36,35,33,32,31,30,-1,			//102:NG【5.6.0】『支援隊入り』超激ダイナマイツセット
307,308,199,198,197,158,153,152,151,150,149,148,147,146,145,124,125,73,72,71,61,58,56,55,52,51,50,49,48,47,46,41,40,39,38,37,36,35,33,32,31,30,-1,				//103:NG【5.6.0】戦国武神バサラーズ 
307,308,200,199,198,197,158,153,152,151,150,149,148,147,146,145,144,131,129,124,125,73,72,71,61,58,56,55,52,51,50,49,48,47,46,41,40,39,38,37,36,35,33,32,31,30,-1,		//104:NG【5.6.0】『＋４キャラ』戦国武神バサラーズ
307,308,239,238,237,199,198,197,158,153,152,151,150,149,148,147,146,145,124,125,73,72,71,61,58,56,55,52,51,50,49,48,47,46,41,40,39,38,37,36,35,33,32,31,30,-1,		//105:NG【5.6.0】『支援隊入り』戦国武神バサラーズ
307,308,199,198,197,159,153,152,151,150,149,148,147,146,145,107,106,105,75,76,61,58,56,55,52,51,50,49,48,47,46,41,40,39,38,37,36,35,33,32,31,30,-1,				//106:NG【5.6.0】電脳戦隊ギャラクシーギャルズ
307,308,200,199,198,197,159,153,152,151,150,149,148,147,146,145,144,131,129,107,106,105,75,76,61,58,56,55,52,51,50,49,48,47,46,41,40,39,38,37,36,35,33,32,31,30,-1,		//107:NG【5.6.0】『＋４キャラ』戦隊ギャラクシーギャルズ
307,308,239,238,237,199,198,197,159,153,152,151,150,149,148,147,146,145,107,106,105,75,76,61,58,56,55,52,51,50,49,48,47,46,41,40,39,38,37,36,35,33,32,31,30,-1,		//108:NG【5.6.0】『支援隊入り』電脳戦隊ギャラクシーギャルズ
307,308,199,198,197,177,153,152,151,150,149,148,147,146,145,84,83,87,85,86,61,58,56,55,52,51,50,49,48,47,46,41,40,39,38,37,36,35,33,32,31,30,-1,				//109:NG【5.6.0】超破壊大帝ドラゴンエンペラーズ
307,308,200,199,198,197,177,153,152,151,150,149,148,147,146,145,144,131,129,84,83,87,85,86,61,58,56,55,52,51,50,49,48,47,46,41,40,39,38,37,36,35,33,32,31,30,-1,		//110:NG【5.6.0】『＋４キャラ』超破壊大帝ドラゴンエンペラーズ
307,308,239,238,237,199,198,197,177,153,152,151,150,149,148,147,146,145,84,83,87,85,86,61,58,56,55,52,51,50,49,48,47,46,41,40,39,38,37,36,35,33,32,31,30,-1,			//111:NG【5.6.0】『支援隊入り』超破壊大帝ドラゴンエンペラーズ
307,308,203,199,198,197,153,152,151,150,149,148,147,146,145,138,137,136,135,134,61,58,56,55,52,51,50,49,48,47,46,41,40,39,38,37,36,35,33,32,31,30,-1,				//112:NG【5.6.0】超古代勇者ウルトラソウルズ
307,308,203,200,199,198,197,153,152,151,150,149,148,147,146,145,144,138,137,136,135,134,131,129,61,58,56,55,52,51,50,49,48,47,46,41,40,39,38,37,36,35,33,32,31,30,-1,		//113:NG【5.6.0】『＋４キャラ』超古代勇者ウルトラソウルズ
307,308,239,238,237,203,199,198,197,153,152,151,150,149,148,147,146,145,138,137,136,135,134,61,58,56,55,52,51,50,49,48,47,46,41,40,39,38,37,36,35,33,32,31,30,-1,		//114:NG【5.6.0】『支援隊入り』超古代勇者ウルトラソウルズ
307,308,261,226,212,199,198,197,196,195,194,153,152,151,150,149,148,147,146,145,61,58,56,55,52,51,50,49,48,47,46,41,40,39,38,37,36,35,33,32,31,30,-1,				//115:NG【5.6.0】ダークヒーローズ
307,308,261,226,212,200,199,198,197,196,195,194,153,152,151,150,149,148,147,146,145,144,131,129,61,58,56,55,52,51,50,49,48,47,46,41,40,39,38,37,36,35,33,32,31,30,-1,		//116:NG【5.6.0】『＋４キャラ』ダークヒーローズ
307,308,261,239,238,237,226,212,199,198,197,196,195,194,153,152,151,150,149,148,147,146,145,61,58,56,55,52,51,50,49,48,47,46,41,40,39,38,37,36,35,33,32,31,30,-1,		//117:NG【5.6.0】『支援隊入り』ダークヒーローズ
307,308,272,271,259,258,257,199,198,197,153,152,151,150,149,148,147,146,145,61,58,56,55,52,51,50,49,48,47,46,41,40,39,38,37,36,35,33,32,31,30,-1,				//118:NG【5.6.0】究極降臨ギガントゼウス
307,308,272,271,259,258,257,200,144,131,129,199,198,197,153,152,151,150,149,148,147,146,145,61,58,56,55,52,51,50,49,48,47,46,41,40,39,38,37,36,35,33,32,31,30,-1,		//119:NG【5.6.0】『＋４キャラ』究極降臨ギガントゼウス
307,308,272,271,259,258,257,239,238,237,199,198,197,153,152,151,150,149,148,147,146,145,61,58,56,55,52,51,50,49,48,47,46,41,40,39,38,37,36,35,33,32,31,30,-1,		//120:NG【5.6.0】『支援隊入り』究極降臨ギガントゼウス
306,305,304,307,308,199,198,197,153,152,151,150,149,148,147,146,145,61,58,56,55,52,51,50,49,48,47,46,41,40,39,38,37,36,35,33,32,31,30,-1,					//121:NG【5.6.0】革命軍隊アイアンウォーズ
306,305,304,307,308,200,144,131,129,199,198,197,153,152,151,150,149,148,147,146,145,61,58,56,55,52,51,50,49,48,47,46,41,40,39,38,37,36,35,33,32,31,30,-1,			//122:NG【5.6.0】『＋４キャラ』革命軍隊アイアンウォーズ
306,305,304,307,308,239,238,237,199,198,197,153,152,151,150,149,148,147,146,145,61,58,56,55,52,51,50,49,48,47,46,41,40,39,38,37,36,35,33,32,31,30,-1,			//123:NG【5.6.0】『支援隊入り』革命軍隊アイアンウォーズ
307,308,283,239,238,237,200,144,131,129,212,199,198,197,136,153,152,151,150,149,148,147,146,145,124,105,87,86,76,61,58,56,55,52,51,50,49,48,47,46,43,42,41,40,39,38,37,36,35,33,32,31,30,-1,		//124:NG【5.6.0】レッドバスターズ
307,308,286,196,143,135,107,106,84,83,75,59,239,238,237,200,144,131,129,199,198,197,153,152,151,150,149,148,147,146,145,61,58,56,55,52,51,50,49,48,47,46,41,40,39,38,37,36,35,33,32,31,30,-1,	//125:NG【5.6.0】エアーバスターズ
306,305,304,307,308,272,271,269,34,42,43,44,57,59,71,72,73,75,76,83,84,85,86,87,105,106,107,124,125,134,135,136,137,138,143,158,159,168,169,170,171,177,194,195,196,203,212,226,261,240,257,258,259,200,144,131,129,237,238,239,199,198,197,153,152,151,150,149,148,147,146,145,61,58,56,55,52,51,50,49,48,47,46,41,40,39,38,37,36,35,33,32,31,30,-1,	//126:NG【5.6.0】超ネコ祭
310,307,308,243,242,241,199,198,197,153,152,151,150,149,148,147,146,145,61,58,56,55,52,51,50,49,48,47,46,41,40,39,38,37,36,35,33,32,31,30,-1,					//127:  【5.6.0】クリスマス　第二弾
306,305,304,286,283,269,34,168,169,170,171,240,42,43,44,57,59,143,71,72,73,124,125,158,75,76,105,106,107,159,83,84,85,86,87,177,134,135,136,137,138,203,194,195,196,212,226,261,257,258,259,271,272,-1,	//128:NG【5.6.0】『プラチナガチャ』ver5.6.0まで
316,272,271,259,258,257,307,308,199,198,197,153,152,151,150,149,148,147,146,145,61,58,56,55,52,51,50,49,48,47,46,41,40,39,38,37,36,35,33,32,31,30,-1,			//129:NG【5.7.0】究極降臨ギガントゼウス
316,272,271,259,258,257,307,308,200,144,131,129,199,198,197,153,152,151,150,149,148,147,146,145,61,58,56,55,52,51,50,49,48,47,46,41,40,39,38,37,36,35,33,32,31,30,-1,	//130:NG【5.7.0】『＋４キャラ』究極降臨ギガントゼウス
316,272,271,259,258,257,307,308,239,238,237,199,198,197,153,152,151,150,149,148,147,146,145,61,58,56,55,52,51,50,49,48,47,46,41,40,39,38,37,36,35,33,32,31,30,-1,		//131:NG【5.7.0】『支援隊入り』究極降臨ギガントゼウス
314,314,314,314,170,43,124,84,75,136,194,259,304,283,302,307,308,199,198,197,153,152,151,150,149,148,147,146,145,61,58,56,55,52,51,50,49,48,47,46,41,40,39,38,37,36,35,33,32,31,30,-1,		//132:【5.7.0】2016年末
314,314,314,314,34,59,72,85,76,138,195,271,306,286,274,307,308,199,198,197,153,152,151,150,149,148,147,146,145,61,58,56,55,52,51,50,49,48,47,46,41,40,39,38,37,36,35,33,32,31,30,-1,			//133:【5.7.0】2017年始
316,306,305,304,307,308,272,271,269,34,42,43,44,57,59,71,72,73,75,76,83,84,85,86,87,105,106,107,124,125,134,135,136,137,138,143,158,159,168,169,170,171,177,194,195,196,203,212,226,261,240,257,258,259,200,144,131,129,237,238,239,199,198,197,153,152,151,150,149,148,147,146,145,61,58,56,55,52,51,50,49,48,47,46,41,40,39,38,37,36,35,33,32,31,30,-1,	//134:NG【5.7.0】超ネコ祭
316,306,305,304,286,283,269,34,168,169,170,171,240,42,43,44,57,59,143,71,72,73,124,125,158,75,76,105,106,107,159,83,84,85,86,87,177,134,135,136,137,138,203,194,195,196,212,226,261,257,258,259,271,272,-1,	//135:NG【5.7.0】『プラチナガチャ』ver5.7.0まで
305,307,308,283,239,238,237,200,144,131,129,212,199,198,197,136,153,152,151,150,149,148,147,146,145,124,105,87,86,76,61,58,56,55,52,51,50,49,48,47,46,43,42,41,40,39,38,37,36,35,33,32,31,30,-1,		//136:NG【5.8.0】レッドバスターズ
318,316,306,305,304,307,308,272,271,269,34,42,43,44,57,59,71,72,73,75,76,83,84,85,86,87,105,106,107,124,125,134,135,136,137,138,143,158,159,168,169,170,171,177,194,195,196,203,212,226,261,240,257,258,259,200,144,131,129,237,238,239,199,198,197,153,152,151,150,149,148,147,146,145,61,58,56,55,52,51,50,49,48,47,46,41,40,39,38,37,36,35,33,32,31,30,-1,	//137:NG【5.8.0】超ネコ祭
318,316,306,305,304,286,283,269,34,168,169,170,171,240,42,43,44,57,59,143,71,72,73,124,125,158,75,76,105,106,107,159,83,84,85,86,87,177,134,135,136,137,138,203,194,195,196,212,226,261,257,258,259,271,272,-1,	//138:NG【5.8.0】『プラチナガチャ』ver5.8.0まで
325,307,308,240,199,198,197,171,170,169,168,153,152,151,150,149,148,147,146,145,61,58,56,55,52,51,50,49,48,47,46,41,40,39,38,37,36,35,34,33,32,31,30,-1,							//139:  【5.9.0】伝説のネコルガ族
325,307,308,240,200,199,198,197,171,170,169,168,153,152,151,150,149,148,147,146,145,144,131,129,61,58,56,55,52,51,50,49,48,47,46,41,40,39,38,37,36,35,34,33,32,31,30,-1,					//140:  【5.9.0】『＋４キャラ』伝説のネコルガ族
325,307,308,240,239,238,237,199,198,197,171,170,169,168,153,152,151,150,149,148,147,146,145,61,58,56,55,52,51,50,49,48,47,46,41,40,39,38,37,36,35,34,33,32,31,30,-1,						//141:  【5.9.0】『支援隊入り』伝説のネコルガ族
325,307,308,199,198,197,153,152,151,150,149,148,147,146,145,143,59,57,44,43,42,61,58,56,55,52,51,50,49,48,47,46,41,40,39,38,37,36,35,33,32,31,30,-1,								//142:  【5.9.0】超激ダイナマイツセット
325,307,308,200,199,198,197,153,152,151,150,149,148,147,146,145,144,143,131,129,59,57,44,43,42,61,58,56,55,52,51,50,49,48,47,46,41,40,39,38,37,36,35,33,32,31,30,-1,						//143:  【5.9.0】『＋４キャラ』超激ダイナマイツセット
325,307,308,239,238,237,199,198,197,153,152,151,150,149,148,147,146,145,143,59,57,44,43,42,61,58,56,55,52,51,50,49,48,47,46,41,40,39,38,37,36,35,33,32,31,30,-1,						//144:  【5.9.0】『支援隊入り』超激ダイナマイツセット
325,307,308,199,198,197,158,153,152,151,150,149,148,147,146,145,124,125,73,72,71,61,58,56,55,52,51,50,49,48,47,46,41,40,39,38,37,36,35,33,32,31,30,-1,							//145:  【5.9.0】戦国武神バサラーズ 
325,307,308,200,199,198,197,158,153,152,151,150,149,148,147,146,145,144,131,129,124,125,73,72,71,61,58,56,55,52,51,50,49,48,47,46,41,40,39,38,37,36,35,33,32,31,30,-1,					//146:  【5.9.0】『＋４キャラ』戦国武神バサラーズ
325,307,308,239,238,237,199,198,197,158,153,152,151,150,149,148,147,146,145,124,125,73,72,71,61,58,56,55,52,51,50,49,48,47,46,41,40,39,38,37,36,35,33,32,31,30,-1,						//147:  【5.9.0】『支援隊入り』戦国武神バサラーズ
325,307,308,199,198,197,159,153,152,151,150,149,148,147,146,145,107,106,105,75,76,61,58,56,55,52,51,50,49,48,47,46,41,40,39,38,37,36,35,33,32,31,30,-1,							//148:  【5.9.0】電脳戦隊ギャラクシーギャルズ
325,307,308,200,199,198,197,159,153,152,151,150,149,148,147,146,145,144,131,129,107,106,105,75,76,61,58,56,55,52,51,50,49,48,47,46,41,40,39,38,37,36,35,33,32,31,30,-1,					//149:  【5.9.0】『＋４キャラ』戦隊ギャラクシーギャルズ
325,307,308,239,238,237,199,198,197,159,153,152,151,150,149,148,147,146,145,107,106,105,75,76,61,58,56,55,52,51,50,49,48,47,46,41,40,39,38,37,36,35,33,32,31,30,-1,						//150:  【5.9.0】『支援隊入り』電脳戦隊ギャラクシーギャルズ
325,307,308,199,198,197,177,153,152,151,150,149,148,147,146,145,84,83,87,85,86,61,58,56,55,52,51,50,49,48,47,46,41,40,39,38,37,36,35,33,32,31,30,-1,								//151:  【5.9.0】超破壊大帝ドラゴンエンペラーズ
325,307,308,200,199,198,197,177,153,152,151,150,149,148,147,146,145,144,131,129,84,83,87,85,86,61,58,56,55,52,51,50,49,48,47,46,41,40,39,38,37,36,35,33,32,31,30,-1,						//152:  【5.9.0】『＋４キャラ』超破壊大帝ドラゴンエンペラーズ
325,307,308,239,238,237,199,198,197,177,153,152,151,150,149,148,147,146,145,84,83,87,85,86,61,58,56,55,52,51,50,49,48,47,46,41,40,39,38,37,36,35,33,32,31,30,-1,						//153:  【5.9.0】『支援隊入り』超破壊大帝ドラゴンエンペラーズ
322,325,307,308,203,199,198,197,153,152,151,150,149,148,147,146,145,138,137,136,135,134,61,58,56,55,52,51,50,49,48,47,46,41,40,39,38,37,36,35,33,32,31,30,-1,							//154:  【5.9.0】超古代勇者ウルトラソウルズ
322,325,307,308,203,200,199,198,197,153,152,151,150,149,148,147,146,145,144,138,137,136,135,134,131,129,61,58,56,55,52,51,50,49,48,47,46,41,40,39,38,37,36,35,33,32,31,30,-1,					//155:  【5.9.0】『＋４キャラ』超古代勇者ウルトラソウルズ
322,325,307,308,239,238,237,203,199,198,197,153,152,151,150,149,148,147,146,145,138,137,136,135,134,61,58,56,55,52,51,50,49,48,47,46,41,40,39,38,37,36,35,33,32,31,30,-1,					//156:  【5.9.0】『支援隊入り』超古代勇者ウルトラソウルズ
325,307,308,261,226,212,199,198,197,196,195,194,153,152,151,150,149,148,147,146,145,61,58,56,55,52,51,50,49,48,47,46,41,40,39,38,37,36,35,33,32,31,30,-1,							//157:  【5.9.0】ダークヒーローズ
325,307,308,261,226,212,200,199,198,197,196,195,194,153,152,151,150,149,148,147,146,145,144,131,129,61,58,56,55,52,51,50,49,48,47,46,41,40,39,38,37,36,35,33,32,31,30,-1,					//158:  【5.9.0】『＋４キャラ』ダークヒーローズ
325,307,308,261,239,238,237,226,212,199,198,197,196,195,194,153,152,151,150,149,148,147,146,145,61,58,56,55,52,51,50,49,48,47,46,41,40,39,38,37,36,35,33,32,31,30,-1,						//159:  【5.9.0】『支援隊入り』ダークヒーローズ
325,316,272,271,259,258,257,307,308,199,198,197,153,152,151,150,149,148,147,146,145,61,58,56,55,52,51,50,49,48,47,46,41,40,39,38,37,36,35,33,32,31,30,-1,							//160:  【5.9.0】究極降臨ギガントゼウス
325,316,272,271,259,258,257,307,308,200,144,131,129,199,198,197,153,152,151,150,149,148,147,146,145,61,58,56,55,52,51,50,49,48,47,46,41,40,39,38,37,36,35,33,32,31,30,-1,					//161:  【5.9.0】『＋４キャラ』究極降臨ギガントゼウス
325,316,272,271,259,258,257,307,308,239,238,237,199,198,197,153,152,151,150,149,148,147,146,145,61,58,56,55,52,51,50,49,48,47,46,41,40,39,38,37,36,35,33,32,31,30,-1,					//162:  【5.9.0】『支援隊入り』究極降臨ギガントゼウス
325,306,305,304,307,308,199,198,197,153,152,151,150,149,148,147,146,145,61,58,56,55,52,51,50,49,48,47,46,41,40,39,38,37,36,35,33,32,31,30,-1,								//163:  【5.9.0】革命軍隊アイアンウォーズ
325,306,305,304,307,308,200,144,131,129,199,198,197,153,152,151,150,149,148,147,146,145,61,58,56,55,52,51,50,49,48,47,46,41,40,39,38,37,36,35,33,32,31,30,-1,						//164:  【5.9.0】『＋４キャラ』革命軍隊アイアンウォーズ
325,306,305,304,307,308,239,238,237,199,198,197,153,152,151,150,149,148,147,146,145,61,58,56,55,52,51,50,49,48,47,46,41,40,39,38,37,36,35,33,32,31,30,-1,							//165:  【5.9.0】『支援隊入り』革命軍隊アイアンウォーズ
325,305,307,308,283,239,238,237,200,144,131,129,212,199,198,197,136,153,152,151,150,149,148,147,146,145,124,105,87,86,76,61,58,56,55,52,51,50,49,48,47,46,43,42,41,40,39,38,37,36,35,33,32,31,30,-1,		//166:  【5.9.0】レッドバスターズ
325,307,308,286,196,143,135,107,106,84,83,75,59,239,238,237,200,144,131,129,199,198,197,153,152,151,150,149,148,147,146,145,61,58,56,55,52,51,50,49,48,47,46,41,40,39,38,37,36,35,33,32,31,30,-1,		//167:  【5.9.0】エアーバスターズ
325,322,318,316,306,305,304,307,308,272,271,269,34,42,43,44,57,59,71,72,73,75,76,83,84,85,86,87,105,106,107,124,125,134,135,136,137,138,143,158,159,168,169,170,171,177,194,195,196,203,212,226,261,240,257,258,259,200,144,131,129,237,238,239,199,198,197,153,152,151,150,149,148,147,146,145,61,58,56,55,52,51,50,49,48,47,46,41,40,39,38,37,36,35,33,32,31,30,-1,	//168:  【5.9.0】超ネコ祭
322,318,316,306,305,304,286,283,269,34,168,169,170,171,240,42,43,44,57,59,143,71,72,73,124,125,158,75,76,105,106,107,159,83,84,85,86,87,177,134,135,136,137,138,203,194,195,196,212,226,261,257,258,259,271,272,-1,	//169:  【5.9.0】『プラチナガチャ』ver5.9.0まで
327,327,327,327,327,327,327,326,325,307,308,200,199,198,197,153,152,151,150,149,148,147,146,145,144,131,129,61,58,56,55,52,51,50,49,48,47,46,41,40,39,38,37,36,35,33,32,31,30,-1,				//170:  【5.10.0】『＋４キャラ』クラッシュフィーバー
327,327,327,327,327,327,327,326,325,307,308,239,238,237,199,198,197,153,152,151,150,149,148,147,146,145,61,58,56,55,52,51,50,49,48,47,46,41,40,39,38,37,36,35,33,32,31,30,-1,				//171:  【5.10.0】『支援隊入り』クラッシュフィーバー
332,332,332,332,331,330,325,307,308,199,198,197,153,152,151,150,149,148,147,146,145,61,58,56,55,52,51,50,49,48,47,46,41,40,39,38,37,36,35,33,32,31,30,-1,							//172:  【5.10.0】春
333,325,322,316,306,305,304,307,308,272,271,34,42,43,44,57,59,71,72,73,75,76,83,84,85,86,87,105,106,107,124,125,134,135,136,137,138,143,158,159,168,169,170,171,177,194,195,196,203,212,226,261,240,257,258,259,200,144,131,129,237,238,239,199,198,197,153,152,151,150,149,148,147,146,145,61,58,56,55,52,51,50,49,48,47,46,41,40,39,38,37,36,35,33,32,31,30,-1,	//173:  【5.10.0】極ネコ祭
333,322,318,316,306,305,304,286,283,269,34,168,169,170,171,240,42,43,44,57,59,143,71,72,73,124,125,158,75,76,105,106,107,159,83,84,85,86,87,177,134,135,136,137,138,203,194,195,196,212,226,261,257,258,259,271,272,-1,	//174:  【5.10.0】『プラチナガチャ』ver5.10.0まで
336,335,334,325,307,308,199,198,197,153,152,151,150,149,148,147,146,145,61,58,56,55,52,51,50,49,48,47,46,41,40,39,38,37,36,35,33,32,31,30,-1,								//175:  【6.0.0】ガルズモンズ
337,161,160,64,65,66,67,68,-1,																						//176:  【6.0.0】ケリ姫ガチャ
338,325,307,308,199,198,197,158,153,152,151,150,149,148,147,146,145,124,125,73,72,71,61,58,56,55,52,51,50,49,48,47,46,41,40,39,38,37,36,35,33,32,31,30,-1,							//177:  【6.1.0】戦国武神バサラーズ 
338,325,307,308,200,199,198,197,158,153,152,151,150,149,148,147,146,145,144,131,129,124,125,73,72,71,61,58,56,55,52,51,50,49,48,47,46,41,40,39,38,37,36,35,33,32,31,30,-1,					//178:  【6.1.0】『＋４キャラ』戦国武神バサラーズ
338,325,307,308,239,238,237,199,198,197,158,153,152,151,150,149,148,147,146,145,124,125,73,72,71,61,58,56,55,52,51,50,49,48,47,46,41,40,39,38,37,36,35,33,32,31,30,-1,					//179:  【6.1.0】『支援隊入り』戦国武神バサラーズ
341,270,180,200,144,131,129,325,307,308,199,198,197,153,152,151,150,149,148,147,146,145,61,58,56,55,52,51,50,49,48,47,46,41,40,39,38,37,36,35,33,32,31,30,-1,						//180:  【6.1.0】『＋４キャラ』消滅都市2
341,270,180,239,238,237,325,307,308,199,198,197,153,152,151,150,149,148,147,146,145,61,58,56,55,52,51,50,49,48,47,46,41,40,39,38,37,36,35,33,32,31,30,-1,							//181:  【6.1.0】『支援隊入り』消滅都市2
338,325,322,318,316,306,305,304,307,308,272,271,269,34,42,43,44,57,59,71,72,73,75,76,83,84,85,86,87,105,106,107,124,125,134,135,136,137,138,143,158,159,168,169,170,171,177,194,195,196,203,212,226,261,240,257,258,259,200,144,131,129,237,238,239,199,198,197,153,152,151,150,149,148,147,146,145,61,58,56,55,52,51,50,49,48,47,46,41,40,39,38,37,36,35,33,32,31,30,-1,	//182:  【6.1.0】超ネコ祭
338,333,325,322,316,306,305,304,307,308,272,271,34,42,43,44,57,59,71,72,73,75,76,83,84,85,86,87,105,106,107,124,125,134,135,136,137,138,143,158,159,168,169,170,171,177,194,195,196,203,212,226,261,240,257,258,259,200,144,131,129,237,238,239,199,198,197,153,152,151,150,149,148,147,146,145,61,58,56,55,52,51,50,49,48,47,46,41,40,39,38,37,36,35,33,32,31,30,-1,	//183:  【6.1.0】極ネコ祭
338,333,322,318,316,306,305,304,286,283,269,34,168,169,170,171,240,42,43,44,57,59,143,71,72,73,124,125,158,75,76,105,106,107,159,83,84,85,86,87,177,134,135,136,137,138,203,194,195,196,212,226,261,257,258,259,271,272,-1,	//184:  【6.1.0】『プラチナガチャ』ver6.1.0まで
346,345,344,190,189,188,187,186,185,110,111,112,113,114,115,116,117,118,119,-1,																//185:  【6.2.0】メルクストーリア　第三弾
350,349,348,200,144,131,129,325,307,308,199,198,197,153,152,151,150,149,148,147,146,145,61,58,56,55,52,51,50,49,48,47,46,41,40,39,38,37,36,35,33,32,31,30,-1,						//186:  【6.1.0】『＋４キャラ』ぐでたま
350,349,348,239,238,237,325,307,308,199,198,197,153,152,151,150,149,148,147,146,145,61,58,56,55,52,51,50,49,48,47,46,41,40,39,38,37,36,35,33,32,31,30,-1,							//187:  【6.1.0】『支援隊入り』ぐでたま
351,325,307,308,199,198,197,159,153,152,151,150,149,148,147,146,145,107,106,105,75,76,61,58,56,55,52,51,50,49,48,47,46,41,40,39,38,37,36,35,33,32,31,30,-1,							//188:  【6.2.0】電脳戦隊ギャラクシーギャルズ
351,325,307,308,200,199,198,197,159,153,152,151,150,149,148,147,146,145,144,131,129,107,106,105,75,76,61,58,56,55,52,51,50,49,48,47,46,41,40,39,38,37,36,35,33,32,31,30,-1,					//189:  【6.2.0】『＋４キャラ』戦隊ギャラクシーギャルズ
351,325,307,308,239,238,237,199,198,197,159,153,152,151,150,149,148,147,146,145,107,106,105,75,76,61,58,56,55,52,51,50,49,48,47,46,41,40,39,38,37,36,35,33,32,31,30,-1,					//190:  【6.2.0】『支援隊入り』電脳戦隊ギャラクシーギャルズ
338,334,331,316,305,283,261,242,240,230,203,106,85,59,228,228,228,228,228,325,307,308,199,198,197,153,152,151,150,149,148,147,146,145,61,58,56,55,52,51,50,49,48,47,46,41,40,39,38,37,36,35,33,32,31,30,-1,	//191:  【6.2.0】3000万DL記念ガチャ　ウルトラセレクション
351,336,330,322,310,306,286,257,229,196,171,87,71,42,332,332,332,332,332,325,307,308,199,198,197,153,152,151,150,149,148,147,146,145,61,58,56,55,52,51,50,49,48,47,46,41,40,39,38,37,36,35,33,32,31,30,-1,	//192:  【6.2.0】3000万DL記念ガチャ　ミラクルセレクション
351,338,325,322,318,316,306,305,304,307,308,272,271,269,34,42,43,44,57,59,71,72,73,75,76,83,84,85,86,87,105,106,107,124,125,134,135,136,137,138,143,158,159,168,169,170,171,177,194,195,196,203,212,226,261,240,257,258,259,200,144,131,129,237,238,239,199,198,197,153,152,151,150,149,148,147,146,145,61,58,56,55,52,51,50,49,48,47,46,41,40,39,38,37,36,35,33,32,31,30,-1,	//193:  【6.2.0】超ネコ祭
351,338,333,325,322,316,306,305,304,307,308,272,271,34,42,43,44,57,59,71,72,73,75,76,83,84,85,86,87,105,106,107,124,125,134,135,136,137,138,143,158,159,168,169,170,171,177,194,195,196,203,212,226,261,240,257,258,259,200,144,131,129,237,238,239,199,198,197,153,152,151,150,149,148,147,146,145,61,58,56,55,52,51,50,49,48,47,46,41,40,39,38,37,36,35,33,32,31,30,-1,		//194:  【6.2.0】極ネコ祭
351,338,333,322,318,316,306,305,304,286,283,269,34,168,169,170,171,240,42,43,44,57,59,143,71,72,73,124,125,158,75,76,105,106,107,159,83,84,85,86,87,177,134,135,136,137,138,203,194,195,196,212,226,261,257,258,259,271,272,-1,	//195:  【6.2.0】『プラチナガチャ』ver6.2.0まで
350,349,349,349,349,349,349,349,349,349,349,349,349,349,349,349,349,349,349,349,349,348,348,348,348,348,348,348,348,348,348,348,348,348,348,348,348,348,348,239,238,237,325,307,308,199,198,197,153,152,151,150,149,148,147,146,145,61,58,56,55,52,51,50,49,48,47,46,41,40,39,38,37,36,35,33,32,31,30,-1,										//196:  【6.2.3】『支援隊入り』ぐでたま
354,276,276,276,276,275,274,325,307,308,199,198,197,153,152,151,150,149,148,147,146,145,61,58,56,55,52,51,50,49,48,47,46,41,40,39,38,37,36,35,33,32,31,30,-1,						//197:  【6.3.0】サマーガールズ
355,325,306,305,304,307,308,199,198,197,153,152,151,150,149,148,147,146,145,61,58,56,55,52,51,50,49,48,47,46,41,40,39,38,37,36,35,33,32,31,30,-1,								//198:  【6.3.0】革命軍隊アイアンウォーズ
355,325,306,305,304,307,308,200,144,131,129,199,198,197,153,152,151,150,149,148,147,146,145,61,58,56,55,52,51,50,49,48,47,46,41,40,39,38,37,36,35,33,32,31,30,-1,						//199:  【6.3.0】『＋４キャラ』革命軍隊アイアンウォーズ
355,325,306,305,304,307,308,239,238,237,199,198,197,153,152,151,150,149,148,147,146,145,61,58,56,55,52,51,50,49,48,47,46,41,40,39,38,37,36,35,33,32,31,30,-1,						//200:  【6.3.0】『支援隊入り』革命軍隊アイアンウォーズ
355,351,338,325,322,318,316,306,305,304,307,308,272,271,269,34,42,43,44,57,59,71,72,73,75,76,83,84,85,86,87,105,106,107,124,125,134,135,136,137,138,143,158,159,168,169,170,171,177,194,195,196,203,212,226,261,240,257,258,259,200,144,131,129,237,238,239,199,198,197,153,152,151,150,149,148,147,146,145,61,58,56,55,52,51,50,49,48,47,46,41,40,39,38,37,36,35,33,32,31,30,-1,	//201:  【6.3.0】超ネコ祭
355,351,338,333,325,322,316,306,305,304,307,308,272,271,34,42,43,44,57,59,71,72,73,75,76,83,84,85,86,87,105,106,107,124,125,134,135,136,137,138,143,158,159,168,169,170,171,177,194,195,196,203,212,226,261,240,257,258,259,200,144,131,129,237,238,239,199,198,197,153,152,151,150,149,148,147,146,145,61,58,56,55,52,51,50,49,48,47,46,41,40,39,38,37,36,35,33,32,31,30,-1,	//202:  【6.3.0】極ネコ祭
355,351,338,333,322,318,316,306,305,304,286,283,269,34,168,169,170,171,240,42,43,44,57,59,143,71,72,73,124,125,158,75,76,105,106,107,159,83,84,85,86,87,177,134,135,136,137,138,203,194,195,196,212,226,261,257,258,259,271,272,-1,	//203:  【6.3.0】『プラチナガチャ』ver6.3.0まで
358,357,336,335,334,325,307,308,199,198,197,153,152,151,150,149,148,147,146,145,61,58,56,55,52,51,50,49,48,47,46,41,40,39,38,37,36,35,33,32,31,30,-1,							//204:  【6.4.0】ガルズモンズ
316,261,170,138,57,332,332,332,314,314,314,276,276,276,228,228,228,239,238,237,200,144,131,131,131,129,325,307,308,199,198,197,153,152,151,150,149,148,147,146,145,61,58,56,55,52,51,50,49,48,47,46,41,40,39,38,37,36,35,33,32,31,30,-1,		//205:  【6.4.0】メタルバスターズ
358,357,336,335,334,200,144,131,129,325,307,308,199,198,197,153,152,151,150,149,148,147,146,145,61,58,56,55,52,51,50,49,48,47,46,41,40,39,38,37,36,35,33,32,31,30,-1,					//206:  【6.4.0】『＋４キャラ』ガルズモンズ
358,357,336,335,334,239,238,237,325,307,308,199,198,197,153,152,151,150,149,148,147,146,145,61,58,56,55,52,51,50,49,48,47,46,41,40,39,38,37,36,35,33,32,31,30,-1,						//207:  【6.4.0】『支援隊入り』ガルズモンズ
361,360,359,325,307,308,199,198,197,153,152,151,150,149,148,147,146,145,61,58,56,55,52,51,50,49,48,47,46,41,40,39,38,37,36,35,33,32,31,30,-1,								//208:  【6.5.0】大精霊エレメンタルピクシーズ
361,360,359,200,144,131,129,325,307,308,199,198,197,153,152,151,150,149,148,147,146,145,61,58,56,55,52,51,50,49,48,47,46,41,40,39,38,37,36,35,33,32,31,30,-1,						//209:  【6.5.0】『＋４キャラ』大精霊エレメンタルピクシーズ
361,360,359,239,238,237,325,307,308,199,198,197,153,152,151,150,149,148,147,146,145,61,58,56,55,52,51,50,49,48,47,46,41,40,39,38,37,36,35,33,32,31,30,-1,						//210:  【6.5.0】『支援隊入り』大精霊エレメンタルピクシーズ
361,360,359,355,351,338,325,322,318,316,306,305,304,307,308,272,271,269,34,42,43,44,57,59,71,72,73,75,76,83,84,85,86,87,105,106,107,124,125,134,135,136,137,138,143,158,159,168,169,170,171,177,194,195,196,203,212,226,261,240,257,258,259,200,144,131,129,237,238,239,199,198,197,153,152,151,150,149,148,147,146,145,61,58,56,55,52,51,50,49,48,47,46,41,40,39,38,37,36,35,33,32,31,30,-1,	//211:  【6.5.0】超ネコ祭
361,360,359,355,351,338,333,325,322,316,306,305,304,307,308,272,271,34,42,43,44,57,59,71,72,73,75,76,83,84,85,86,87,105,106,107,124,125,134,135,136,137,138,143,158,159,168,169,170,171,177,194,195,196,203,212,226,261,240,257,258,259,200,144,131,129,237,238,239,199,198,197,153,152,151,150,149,148,147,146,145,61,58,56,55,52,51,50,49,48,47,46,41,40,39,38,37,36,35,33,32,31,30,-1,		//212:  【6.5.0】極ネコ祭
361,360,359,355,351,338,333,322,318,316,306,305,304,286,283,269,34,168,169,170,171,240,42,43,44,57,59,143,71,72,73,124,125,158,75,76,105,106,107,159,83,84,85,86,87,177,134,135,136,137,138,203,194,195,196,212,226,261,257,258,259,271,272,-1,																			//213:  【6.5.0】『プラチナガチャ』ver6.3.0まで
362,363,364,365,366,367,368,370,370,370,370,371,371,371,371,372,372,372,372,377,376,325,307,308,199,198,197,153,152,151,150,149,148,147,146,145,61,58,56,55,52,51,50,49,48,47,46,41,40,39,38,37,36,35,33,32,31,30,-1,	//214:  【6.6.0】Fateコラボガチャ
377,376,325,307,308,240,199,198,197,171,170,169,168,153,152,151,150,149,148,147,146,145,61,58,56,55,52,51,50,49,48,47,46,41,40,39,38,37,36,35,34,33,32,31,30,-1,							//215:  【6.6.0】伝説のネコルガ族
377,376,325,307,308,240,200,199,198,197,171,170,169,168,153,152,151,150,149,148,147,146,145,144,131,129,61,58,56,55,52,51,50,49,48,47,46,41,40,39,38,37,36,35,34,33,32,31,30,-1,					//216:  【6.6.0】『＋４キャラ』伝説のネコルガ族
377,376,325,307,308,240,239,238,237,199,198,197,171,170,169,168,153,152,151,150,149,148,147,146,145,61,58,56,55,52,51,50,49,48,47,46,41,40,39,38,37,36,35,34,33,32,31,30,-1,						//217:  【6.6.0】『支援隊入り』伝説のネコルガ族
377,376,325,307,308,199,198,197,153,152,151,150,149,148,147,146,145,143,59,57,44,43,42,61,58,56,55,52,51,50,49,48,47,46,41,40,39,38,37,36,35,33,32,31,30,-1,								//218:  【6.6.0】超激ダイナマイツセット
377,376,325,307,308,200,199,198,197,153,152,151,150,149,148,147,146,145,144,143,131,129,59,57,44,43,42,61,58,56,55,52,51,50,49,48,47,46,41,40,39,38,37,36,35,33,32,31,30,-1,						//219:  【6.6.0】『＋４キャラ』超激ダイナマイツ
377,376,325,307,308,239,238,237,199,198,197,153,152,151,150,149,148,147,146,145,143,59,57,44,43,42,61,58,56,55,52,51,50,49,48,47,46,41,40,39,38,37,36,35,33,32,31,30,-1,						//220:  【6.6.0】『支援隊入り』超激ダイナマイツ
377,376,338,325,307,308,199,198,197,158,153,152,151,150,149,148,147,146,145,124,125,73,72,71,61,58,56,55,52,51,50,49,48,47,46,41,40,39,38,37,36,35,33,32,31,30,-1,							//221:  【6.6.0】戦国武神バサラーズ 
377,376,338,325,307,308,200,199,198,197,158,153,152,151,150,149,148,147,146,145,144,131,129,124,125,73,72,71,61,58,56,55,52,51,50,49,48,47,46,41,40,39,38,37,36,35,33,32,31,30,-1,					//222:  【6.6.0】『＋４キャラ』戦国武神バサラーズ
377,376,338,325,307,308,239,238,237,199,198,197,158,153,152,151,150,149,148,147,146,145,124,125,73,72,71,61,58,56,55,52,51,50,49,48,47,46,41,40,39,38,37,36,35,33,32,31,30,-1,					//223:  【6.6.0】『支援隊入り』戦国武神バサラーズ
377,376,351,325,307,308,199,198,197,159,153,152,151,150,149,148,147,146,145,107,106,105,75,76,61,58,56,55,52,51,50,49,48,47,46,41,40,39,38,37,36,35,33,32,31,30,-1,							//224:  【6.6.0】電脳戦隊ギャラクシーギャルズ
377,376,351,325,307,308,200,199,198,197,159,153,152,151,150,149,148,147,146,145,144,131,129,107,106,105,75,76,61,58,56,55,52,51,50,49,48,47,46,41,40,39,38,37,36,35,33,32,31,30,-1,					//225:  【6.6.0】『＋４キャラ』戦隊ギャラクシーギャルズ
377,376,351,325,307,308,239,238,237,199,198,197,159,153,152,151,150,149,148,147,146,145,107,106,105,75,76,61,58,56,55,52,51,50,49,48,47,46,41,40,39,38,37,36,35,33,32,31,30,-1,					//226:  【6.6.0】『支援隊入り』電脳戦隊ギャラクシーギャルズ
377,376,325,307,308,199,198,197,177,153,152,151,150,149,148,147,146,145,84,83,87,85,86,61,58,56,55,52,51,50,49,48,47,46,41,40,39,38,37,36,35,33,32,31,30,-1,								//227:  【6.6.0】超破壊大帝ドラゴンエンペラーズ
377,376,325,307,308,200,199,198,197,177,153,152,151,150,149,148,147,146,145,144,131,129,84,83,87,85,86,61,58,56,55,52,51,50,49,48,47,46,41,40,39,38,37,36,35,33,32,31,30,-1,						//228:  【6.6.0】『＋４キャラ』超破壊大帝ドラゴンエンペラーズ
377,376,325,307,308,239,238,237,199,198,197,177,153,152,151,150,149,148,147,146,145,84,83,87,85,86,61,58,56,55,52,51,50,49,48,47,46,41,40,39,38,37,36,35,33,32,31,30,-1,						//229:  【6.6.0】『支援隊入り』超破壊大帝ドラゴンエンペラーズ
377,376,322,325,307,308,203,199,198,197,153,152,151,150,149,148,147,146,145,138,137,136,135,134,61,58,56,55,52,51,50,49,48,47,46,41,40,39,38,37,36,35,33,32,31,30,-1,							//230:  【6.6.0】超古代勇者ウルトラソウルズ
377,376,322,325,307,308,203,200,199,198,197,153,152,151,150,149,148,147,146,145,144,138,137,136,135,134,131,129,61,58,56,55,52,51,50,49,48,47,46,41,40,39,38,37,36,35,33,32,31,30,-1,					//231:  【6.6.0】『＋４キャラ』超古代勇者ウルトラソウルズ
377,376,322,325,307,308,239,238,237,203,199,198,197,153,152,151,150,149,148,147,146,145,138,137,136,135,134,61,58,56,55,52,51,50,49,48,47,46,41,40,39,38,37,36,35,33,32,31,30,-1,					//232:  【6.6.0】『支援隊入り』超古代勇者ウルトラソウルズ
377,376,325,307,308,261,226,212,199,198,197,196,195,194,153,152,151,150,149,148,147,146,145,61,58,56,55,52,51,50,49,48,47,46,41,40,39,38,37,36,35,33,32,31,30,-1,							//233:  【6.6.0】ダークヒーローズ
377,376,325,307,308,261,226,212,200,199,198,197,196,195,194,153,152,151,150,149,148,147,146,145,144,131,129,61,58,56,55,52,51,50,49,48,47,46,41,40,39,38,37,36,35,33,32,31,30,-1,					//234:  【6.6.0】『＋４キャラ』ダークヒーローズ
377,376,325,307,308,261,239,238,237,226,212,199,198,197,196,195,194,153,152,151,150,149,148,147,146,145,61,58,56,55,52,51,50,49,48,47,46,41,40,39,38,37,36,35,33,32,31,30,-1,						//235:  【6.6.0】『支援隊入り』ダークヒーローズ
377,376,325,316,272,271,259,258,257,307,308,199,198,197,153,152,151,150,149,148,147,146,145,61,58,56,55,52,51,50,49,48,47,46,41,40,39,38,37,36,35,33,32,31,30,-1,							//236:  【6.6.0】究極降臨ギガントゼウス
377,376,325,316,272,271,259,258,257,307,308,200,144,131,129,199,198,197,153,152,151,150,149,148,147,146,145,61,58,56,55,52,51,50,49,48,47,46,41,40,39,38,37,36,35,33,32,31,30,-1,					//237:  【6.6.0】『＋４キャラ』究極降臨ギガントゼウス
377,376,325,316,272,271,259,258,257,307,308,239,238,237,199,198,197,153,152,151,150,149,148,147,146,145,61,58,56,55,52,51,50,49,48,47,46,41,40,39,38,37,36,35,33,32,31,30,-1,					//238:  【6.6.0】『支援隊入り』究極降臨ギガントゼウス
377,376,355,325,306,305,304,307,308,199,198,197,153,152,151,150,149,148,147,146,145,61,58,56,55,52,51,50,49,48,47,46,41,40,39,38,37,36,35,33,32,31,30,-1,								//239:  【6.6.0】革命軍隊アイアンウォーズ
377,376,355,325,306,305,304,307,308,200,144,131,129,199,198,197,153,152,151,150,149,148,147,146,145,61,58,56,55,52,51,50,49,48,47,46,41,40,39,38,37,36,35,33,32,31,30,-1,						//240:  【6.6.0】『＋４キャラ』革命軍隊アイアンウォーズ
377,376,355,325,306,305,304,307,308,239,238,237,199,198,197,153,152,151,150,149,148,147,146,145,61,58,56,55,52,51,50,49,48,47,46,41,40,39,38,37,36,35,33,32,31,30,-1,						//241:  【6.6.0】『支援隊入り』革命軍隊アイアンウォーズ
377,376,361,360,359,325,307,308,199,198,197,153,152,151,150,149,148,147,146,145,61,58,56,55,52,51,50,49,48,47,46,41,40,39,38,37,36,35,33,32,31,30,-1,								//242:  【6.6.0】大精霊エレメンタルピクシーズ
377,376,361,360,359,200,144,131,129,325,307,308,199,198,197,153,152,151,150,149,148,147,146,145,61,58,56,55,52,51,50,49,48,47,46,41,40,39,38,37,36,35,33,32,31,30,-1,						//243:  【6.6.0】『＋４キャラ』大精霊エレメンタルピクシーズ
377,376,361,360,359,239,238,237,325,307,308,199,198,197,153,152,151,150,149,148,147,146,145,61,58,56,55,52,51,50,49,48,47,46,41,40,39,38,37,36,35,33,32,31,30,-1,							//244:  【6.6.0】『支援隊入り』大精霊エレメンタルピクシーズ
377,376,325,305,307,308,283,239,238,237,200,144,131,129,212,199,198,197,136,153,152,151,150,149,148,147,146,145,124,105,87,86,76,61,58,56,55,52,51,50,49,48,47,46,43,42,41,40,39,38,37,36,35,33,32,31,30,-1,							//245:  【6.6.0】レッドバスターズ
377,376,325,307,308,286,196,143,135,107,106,84,83,75,59,239,238,237,200,144,131,129,199,198,197,153,152,151,150,149,148,147,146,145,61,58,56,55,52,51,50,49,48,47,46,41,40,39,38,37,36,35,33,32,31,30,-1,							//246:  【6.6.0】エアーバスターズ
377,376,316,261,170,138,57,332,332,332,314,314,314,276,276,276,228,228,228,239,238,237,200,144,131,131,131,129,325,307,308,199,198,197,153,152,151,150,149,148,147,146,145,61,58,56,55,52,51,50,49,48,47,46,41,40,39,38,37,36,35,33,32,31,30,-1,		//247:  【6.6.0】メタルバスターズ
377,376,358,357,336,335,334,325,307,308,199,198,197,153,152,151,150,149,148,147,146,145,61,58,56,55,52,51,50,49,48,47,46,41,40,39,38,37,36,35,33,32,31,30,-1,							//248:  【6.6.0】ガルズモンズ
377,376,358,357,336,335,334,200,144,131,129,325,307,308,199,198,197,153,152,151,150,149,148,147,146,145,61,58,56,55,52,51,50,49,48,47,46,41,40,39,38,37,36,35,33,32,31,30,-1,					//249:  【6.6.0】『＋４キャラ』ガルズモンズ
377,376,358,357,336,335,334,239,238,237,325,307,308,199,198,197,153,152,151,150,149,148,147,146,145,61,58,56,55,52,51,50,49,48,47,46,41,40,39,38,37,36,35,33,32,31,30,-1,						//250:  【6.6.0】『支援隊入り』ガルズモンズ
377,376,338,334,331,316,305,283,261,242,240,230,203,106,85,59,228,228,228,228,228,325,307,308,199,198,197,153,152,151,150,149,148,147,146,145,61,58,56,55,52,51,50,49,48,47,46,41,40,39,38,37,36,35,33,32,31,30,-1,	//251:  【6.6.0】3000万DL記念ガチャ　ウルトラセレクション
377,376,351,336,330,322,310,306,286,257,229,196,171,87,71,42,332,332,332,332,332,325,307,308,199,198,197,153,152,151,150,149,148,147,146,145,61,58,56,55,52,51,50,49,48,47,46,41,40,39,38,37,36,35,33,32,31,30,-1,	//252:  【6.6.0】3000万DL記念ガチャ　ミラクルセレクション
333,306,306,259,259,196,196,137,137,84,84,76,76,71,71,43,43,240,240,377,376,239,238,237,200,144,131,129,325,307,308,199,198,197,153,152,151,150,149,148,147,146,145,61,58,56,55,52,51,50,49,48,47,46,41,40,39,38,37,36,35,33,32,31,30,-1,			//253:  【6.6.0】みんなが選んだ超選抜祭
377,376,361,360,359,355,351,338,325,322,318,316,306,305,304,307,308,272,271,269,34,42,43,44,57,59,71,72,73,75,76,83,84,85,86,87,105,106,107,124,125,134,135,136,137,138,143,158,159,168,169,170,171,177,194,195,196,203,212,226,261,240,257,258,259,200,144,131,129,237,238,239,199,198,197,153,152,151,150,149,148,147,146,145,61,58,56,55,52,51,50,49,48,47,46,41,40,39,38,37,36,35,33,32,31,30,-1,	//254:  【6.6.0】超ネコ祭
378,377,376,361,360,359,355,351,338,333,325,322,316,306,305,304,307,308,272,271,34,42,43,44,57,59,71,72,73,75,76,83,84,85,86,87,105,106,107,124,125,134,135,136,137,138,143,158,159,168,169,170,171,177,194,195,196,203,212,226,261,240,257,258,259,200,144,131,129,237,238,239,199,198,197,153,152,151,150,149,148,147,146,145,61,58,56,55,52,51,50,49,48,47,46,41,40,39,38,37,36,35,33,32,31,30,-1,	//255:  【6.6.0】極ネコ祭
378,361,360,359,355,351,338,333,322,318,316,306,305,304,286,283,269,34,168,169,170,171,240,42,43,44,57,59,143,71,72,73,124,125,158,75,76,105,106,107,159,83,84,85,86,87,177,134,135,136,137,138,203,194,195,196,212,226,261,257,258,259,271,272,-1,																				//256:  【6.6.0】『プラチナガチャ』ver6.6.0まで
377,376,302,230,229,228,228,228,228,325,307,308,199,198,197,153,152,151,150,149,148,147,146,145,61,58,56,55,52,51,50,49,48,47,46,41,40,39,38,37,36,35,33,32,31,30,-1,							//257:  【6.6.0】ハロウィンガチャ
310,243,242,241,377,376,325,307,308,199,198,197,153,152,151,150,149,148,147,146,145,61,58,56,55,52,51,50,49,48,47,46,41,40,39,38,37,36,35,33,32,31,30,-1,								//258:  【6.7.0】クリスマスギャルズ
331,330,332,332,332,332,377,376,325,307,308,199,198,197,153,152,151,150,149,148,147,146,145,61,58,56,55,52,51,50,49,48,47,46,41,40,39,38,37,36,35,33,32,31,30,-1,							//259:  【6.7.0】イースターカーニバル
354,275,274,276,276,276,276,377,376,325,307,308,199,198,197,153,152,151,150,149,148,147,146,145,61,58,56,55,52,51,50,49,48,47,46,41,40,39,38,37,36,35,33,32,31,30,-1,						//260:  【6.7.0】サマーガールズ
380,377,376,361,360,359,355,351,338,325,322,318,316,306,305,304,307,308,272,271,269,34,42,43,44,57,59,71,72,73,75,76,83,84,85,86,87,105,106,107,124,125,134,135,136,137,138,143,158,159,168,169,170,171,177,194,195,196,203,212,226,261,240,257,258,259,200,144,131,129,237,238,239,199,198,197,153,152,151,150,149,148,147,146,145,61,58,56,55,52,51,50,49,48,47,46,41,40,39,38,37,36,35,33,32,31,30,-1,	//261:  【6.7.0】超ネコ祭
331,286,360,355,272,195,134,351,177,338,143,169,314,314,314,314,377,376,325,307,308,199,198,197,153,152,151,150,149,148,147,146,145,61,58,56,55,52,51,50,49,48,47,46,41,40,39,38,37,36,35,33,32,31,30,-1,		//262:  【6.7.0】2017忘年会ガチャ
354,283,359,304,258,226,322,159,84,125,44,168,314,314,314,314,377,376,325,307,308,199,198,197,153,152,151,150,149,148,147,146,145,61,58,56,55,52,51,50,49,48,47,46,41,40,39,38,37,36,35,33,32,31,30,-1,		//263:  【6.7.0】新年ガチャ（2018年ver）
380,378,361,360,359,355,351,338,333,322,318,316,306,305,304,286,283,269,34,168,169,170,171,240,42,43,44,57,59,143,71,72,73,124,125,158,75,76,105,106,107,159,83,84,85,86,87,177,134,135,136,137,138,203,194,195,196,212,226,261,257,258,259,271,272,-1,																			//264:  【6.7.0】『プラチナガチャ』ver6.7.0まで
395,394,393,392,391,390,376,325,308,198,197,149,148,147,146,145,58,56,55,52,51,50,49,48,47,46,41,38,37,-1,														//265:  【6.8.0】実況パワフルプロ野球
396,377,376,325,307,308,199,198,197,177,153,152,151,150,149,148,147,146,145,84,83,87,85,86,61,58,56,55,52,51,50,49,48,47,46,41,40,39,38,37,36,35,33,32,31,30,-1,							//266:  【6.8.0】超破壊大帝ドラゴンエンペラーズ
396,377,376,325,307,308,200,199,198,197,177,153,152,151,150,149,148,147,146,145,144,131,129,84,83,87,85,86,61,58,56,55,52,51,50,49,48,47,46,41,40,39,38,37,36,35,33,32,31,30,-1,					//267:  【6.8.0】『＋４キャラ』超破壊大帝ドラゴンエンペラーズ
396,377,376,325,307,308,239,238,237,199,198,197,177,153,152,151,150,149,148,147,146,145,84,83,87,85,86,61,58,56,55,52,51,50,49,48,47,46,41,40,39,38,37,36,35,33,32,31,30,-1,						//268:  【6.8.0】『支援隊入り』超破壊大帝ドラゴンエンペラーズ
397,377,376,316,261,170,138,57,332,332,332,314,314,314,276,276,276,228,228,228,239,238,237,200,144,131,131,131,129,325,307,308,199,198,197,153,152,151,150,149,148,147,146,145,61,58,56,55,52,51,50,49,48,47,46,41,40,39,38,37,36,35,33,32,31,30,-1,		//269:  【6.8.0】メタルバスターズ
396,380,377,376,361,360,359,355,351,338,325,322,318,316,306,305,304,307,308,272,271,269,34,42,43,44,57,59,71,72,73,75,76,83,84,85,86,87,105,106,107,124,125,134,135,136,137,138,143,158,159,168,169,170,171,177,194,195,196,203,212,226,261,240,257,258,259,200,144,131,129,237,238,239,199,198,197,153,152,151,150,149,148,147,146,145,61,58,56,55,52,51,50,49,48,47,46,41,40,39,38,37,36,35,33,32,31,30,-1,	//270:  【6.8.0】超ネコ祭
396,378,377,376,361,360,359,355,351,338,333,325,322,316,306,305,304,307,308,272,271,34,42,43,44,57,59,71,72,73,75,76,83,84,85,86,87,105,106,107,124,125,134,135,136,137,138,143,158,159,168,169,170,171,177,194,195,196,203,212,226,261,240,257,258,259,200,144,131,129,237,238,239,199,198,197,153,152,151,150,149,148,147,146,145,61,58,56,55,52,51,50,49,48,47,46,41,40,39,38,37,36,35,33,32,31,30,-1,		//271:  【6.8.0】極ネコ祭
396,380,378,361,360,359,355,351,338,333,322,318,316,306,305,304,286,283,269,34,168,169,170,171,240,42,43,44,57,59,143,71,72,73,124,125,158,75,76,105,106,107,159,83,84,85,86,87,177,134,135,136,137,138,203,194,195,196,212,226,261,257,258,259,271,272,-1,																				//272:  【6.8.0】『プラチナガチャ』ver6.8.0まで
397,316,316,261,261,170,170,138,138,57,57,377,376,332,332,332,314,314,314,276,276,276,228,228,228,239,238,237,200,144,131,131,131,129,325,307,308,199,198,197,153,152,151,150,149,148,147,146,145,61,58,56,55,52,51,50,49,48,47,46,41,40,39,38,37,36,35,33,32,31,30,-1,		//273:  【6.8.0】メタルバスターズ
397,380,378,361,360,359,355,351,338,333,322,318,316,306,305,304,286,283,269,34,168,169,170,171,240,42,43,44,57,59,143,71,72,73,124,125,158,75,76,105,106,107,159,83,84,85,86,87,177,134,135,136,137,138,203,194,195,196,212,226,261,257,258,259,271,272,-1,																				//274:  【6.8.0】『プラチナガチャ』ver6.8.0まで
397,396,380,378,361,360,359,355,351,338,333,322,318,316,306,305,304,286,283,269,34,168,169,170,171,240,42,43,44,57,59,143,71,72,73,124,125,158,75,76,105,106,107,159,83,84,85,86,87,177,134,135,136,137,138,203,194,195,196,212,226,261,257,258,259,271,272,-1,																			//275:  【6.8.0】『プラチナガチャ』ver6.8.0まで
401,377,376,361,360,359,325,307,308,199,198,197,153,152,151,150,149,148,147,146,145,61,58,56,55,52,51,50,49,48,47,46,41,40,39,38,37,36,35,33,32,31,30,-1,								//276:  【6.9.0】大精霊エレメンタルピクシーズ
401,377,376,361,360,359,200,144,131,129,325,307,308,199,198,197,153,152,151,150,149,148,147,146,145,61,58,56,55,52,51,50,49,48,47,46,41,40,39,38,37,36,35,33,32,31,30,-1,						//277:  【6.9.0】『＋４キャラ』大精霊エレメンタルピクシーズ
401,377,376,361,360,359,239,238,237,325,307,308,199,198,197,153,152,151,150,149,148,147,146,145,61,58,56,55,52,51,50,49,48,47,46,41,40,39,38,37,36,35,33,32,31,30,-1,						//278:  【6.9.0】『支援隊入り』大精霊エレメンタルピクシーズ
401,396,380,377,376,361,360,359,355,351,338,325,322,318,316,306,305,304,307,308,272,271,269,34,42,43,44,57,59,71,72,73,75,76,83,84,85,86,87,105,106,107,124,125,134,135,136,137,138,143,158,159,168,169,170,171,177,194,195,196,203,212,226,261,240,257,258,259,200,144,131,129,237,238,239,199,198,197,153,152,151,150,149,148,147,146,145,61,58,56,55,52,51,50,49,48,47,46,41,40,39,38,37,36,35,33,32,31,30,-1,		//279:  【6.9.0】超ネコ祭
401,396,378,377,376,361,360,359,355,351,338,333,325,322,316,306,305,304,307,308,272,271,34,42,43,44,57,59,71,72,73,75,76,83,84,85,86,87,105,106,107,124,125,134,135,136,137,138,143,158,159,168,169,170,171,177,194,195,196,203,212,226,261,240,257,258,259,200,144,131,129,237,238,239,199,198,197,153,152,151,150,149,148,147,146,145,61,58,56,55,52,51,50,49,48,47,46,41,40,39,38,37,36,35,33,32,31,30,-1,		//280:  【6.9.0】極ネコ祭
401,397,396,380,378,361,360,359,355,351,338,333,322,318,316,306,305,304,286,283,269,34,168,169,170,171,240,42,43,44,57,59,143,71,72,73,124,125,158,75,76,105,106,107,159,83,84,85,86,87,177,134,135,136,137,138,203,194,195,196,212,226,261,257,258,259,271,272,-1,																				//281:  【6.9.0】『プラチナガチャ』ver6.9.0まで
416,415,414,413,412,411,411,410,410,409,409,408,408,408,408,407,407,407,407,406,406,406,406,377,376,325,307,308,199,198,197,153,152,151,150,149,148,147,146,145,61,58,56,55,52,51,50,49,48,47,46,41,40,39,38,37,36,35,33,32,31,30,-1,						//282:  【6.10.0】エヴァンゲリオン
417,377,376,355,325,306,305,304,307,308,199,198,197,153,152,151,150,149,148,147,146,145,61,58,56,55,52,51,50,49,48,47,46,41,40,39,38,37,36,35,33,32,31,30,-1,							//283:  【6.10.0】革命軍隊アイアンウォーズ
417,377,376,355,325,306,305,304,307,308,200,144,131,129,199,198,197,153,152,151,150,149,148,147,146,145,61,58,56,55,52,51,50,49,48,47,46,41,40,39,38,37,36,35,33,32,31,30,-1,					//284:  【6.10.0】『＋４キャラ』革命軍隊アイアンウォーズ
417,377,376,355,325,306,305,304,307,308,239,238,237,199,198,197,153,152,151,150,149,148,147,146,145,61,58,56,55,52,51,50,49,48,47,46,41,40,39,38,37,36,35,33,32,31,30,-1,						//285:  【6.10.0】『支援隊入り』革命軍隊アイアンウォーズ
417,401,396,380,377,376,361,360,359,355,351,338,325,322,318,316,306,305,304,307,308,272,271,269,34,42,43,44,57,59,71,72,73,75,76,83,84,85,86,87,105,106,107,124,125,134,135,136,137,138,143,158,159,168,169,170,171,177,194,195,196,203,212,226,261,240,257,258,259,200,144,131,129,237,238,239,199,198,197,153,152,151,150,149,148,147,146,145,61,58,56,55,52,51,50,49,48,47,46,41,40,39,38,37,36,35,33,32,31,30,-1,	//286:  【6.10.0】超ネコ祭
417,401,396,378,377,376,361,360,359,355,351,338,333,325,322,316,306,305,304,307,308,272,271,34,42,43,44,57,59,71,72,73,75,76,83,84,85,86,87,105,106,107,124,125,134,135,136,137,138,143,158,159,168,169,170,171,177,194,195,196,203,212,226,261,240,257,258,259,200,144,131,129,237,238,239,199,198,197,153,152,151,150,149,148,147,146,145,61,58,56,55,52,51,50,49,48,47,46,41,40,39,38,37,36,35,33,32,31,30,-1,		//287:  【6.10.0】極ネコ祭
417,401,397,396,380,378,361,360,359,355,351,338,333,322,318,316,306,305,304,286,283,269,34,168,169,170,171,240,42,43,44,57,59,143,71,72,73,124,125,158,75,76,105,106,107,159,83,84,85,86,87,177,134,135,136,137,138,203,194,195,196,212,226,261,257,258,259,271,272,-1,																			//288:  【6.40.0】『プラチナガチャ』ver6.10.0まで
427,377,376,325,307,308,199,198,197,153,152,151,150,149,148,147,146,145,143,59,57,44,43,42,61,58,56,55,52,51,50,49,48,47,46,41,40,39,38,37,36,35,33,32,31,30,-1,							//289:  【7.0.0】超激ダイナマイツセット
427,377,376,325,307,308,200,199,198,197,153,152,151,150,149,148,147,146,145,144,143,131,129,59,57,44,43,42,61,58,56,55,52,51,50,49,48,47,46,41,40,39,38,37,36,35,33,32,31,30,-1,					//290:  【7.0.0】『＋４キャラ』超激ダイナマイツ
427,377,376,325,307,308,239,238,237,199,198,197,153,152,151,150,149,148,147,146,145,143,59,57,44,43,42,61,58,56,55,52,51,50,49,48,47,46,41,40,39,38,37,36,35,33,32,31,30,-1,						//291:  【7.0.0】『支援隊入り』超激ダイナマイツ
427,417,401,396,380,377,376,361,360,359,355,351,338,325,322,318,316,306,305,304,307,308,272,271,269,34,42,43,44,57,59,71,72,73,75,76,83,84,85,86,87,105,106,107,124,125,134,135,136,137,138,143,158,159,168,169,170,171,177,194,195,196,203,212,226,261,240,257,258,259,200,144,131,129,237,238,239,199,198,197,153,152,151,150,149,148,147,146,145,61,58,56,55,52,51,50,49,48,47,46,41,40,39,38,37,36,35,33,32,31,30,-1,	//292:  【7.0.0】超ネコ祭
427,417,401,396,378,377,376,361,360,359,355,351,338,333,325,322,316,306,305,304,307,308,272,271,34,42,43,44,57,59,71,72,73,75,76,83,84,85,86,87,105,106,107,124,125,134,135,136,137,138,143,158,159,168,169,170,171,177,194,195,196,203,212,226,261,240,257,258,259,200,144,131,129,237,238,239,199,198,197,153,152,151,150,149,148,147,146,145,61,58,56,55,52,51,50,49,48,47,46,41,40,39,38,37,36,35,33,32,31,30,-1,	//293:  【7.0.0】極ネコ祭
427,417,401,397,396,380,378,361,360,359,355,351,338,333,322,318,316,306,305,304,286,283,269,34,168,169,170,171,240,42,43,44,57,59,143,71,72,73,124,125,158,75,76,105,106,107,159,83,84,85,86,87,177,134,135,136,137,138,203,194,195,196,212,226,261,257,258,259,271,272,-1,																			//294:  【7.0.0】『プラチナガチャ』ver7.0.0まで
341,270,180,429,429,429,429,429,429,429,429,428,428,428,428,428,428,428,428,428,428,428,377,376,325,307,308,199,198,197,153,152,151,150,149,148,147,146,145,61,58,56,55,52,51,50,49,48,47,46,41,40,39,38,37,36,35,33,32,31,30,-1,				//295:  【7.1.0】消滅都市2
430,350,349,349,349,349,349,349,349,349,349,349,348,348,348,348,348,348,348,348,348,348,348,377,376,325,307,308,200,199,198,197,153,152,151,150,149,148,147,146,145,144,131,129,61,58,56,55,52,51,50,49,48,47,46,41,40,39,38,37,36,35,33,32,31,30,-1,	//296:  【7.1.0】『＋４キャラ』ぐでたま
430,350,349,349,349,349,349,349,349,349,349,349,348,348,348,348,348,348,348,348,348,348,348,377,376,325,307,308,239,238,237,199,198,197,153,152,151,150,149,148,147,146,145,61,58,56,55,52,51,50,49,48,47,46,41,40,39,38,37,36,35,33,32,31,30,-1,		//297:  【7.1.0】『支援隊入り』ぐでたま
431,377,376,325,307,308,261,226,212,199,198,197,196,195,194,153,152,151,150,149,148,147,146,145,61,58,56,55,52,51,50,49,48,47,46,41,40,39,38,37,36,35,33,32,31,30,-1,							//298:  【7.1.0】ダークヒーローズ
431,377,376,325,307,308,261,226,212,200,199,198,197,196,195,194,153,152,151,150,149,148,147,146,145,144,131,129,61,58,56,55,52,51,50,49,48,47,46,41,40,39,38,37,36,35,33,32,31,30,-1,					//299:  【7.1.0】『＋４キャラ』ダークヒーローズ
431,377,376,325,307,308,261,239,238,237,226,212,199,198,197,196,195,194,153,152,151,150,149,148,147,146,145,61,58,56,55,52,51,50,49,48,47,46,41,40,39,38,37,36,35,33,32,31,30,-1,					//300:  【7.1.0】『支援隊入り』ダークヒーローズ
431,427,417,401,396,380,377,376,361,360,359,355,351,338,325,322,318,316,306,305,304,307,308,272,271,269,34,42,43,44,57,59,71,72,73,75,76,83,84,85,86,87,105,106,107,124,125,134,135,136,137,138,143,158,159,168,169,170,171,177,194,195,196,203,212,226,261,240,257,258,259,200,144,131,129,237,238,239,199,198,197,153,152,151,150,149,148,147,146,145,61,58,56,55,52,51,50,49,48,47,46,41,40,39,38,37,36,35,33,32,31,30,-1,	//301:  【7.1.0】超ネコ祭
431,427,417,401,396,378,377,376,361,360,359,355,351,338,333,325,322,316,306,305,304,307,308,272,271,34,42,43,44,57,59,71,72,73,75,76,83,84,85,86,87,105,106,107,124,125,134,135,136,137,138,143,158,159,168,169,170,171,177,194,195,196,203,212,226,261,240,257,258,259,200,144,131,129,237,238,239,199,198,197,153,152,151,150,149,148,147,146,145,61,58,56,55,52,51,50,49,48,47,46,41,40,39,38,37,36,35,33,32,31,30,-1,		//302:  【7.1.0】極ネコ祭
431,427,417,401,397,396,380,378,361,360,359,355,351,338,333,322,318,316,306,305,304,286,283,269,34,168,169,170,171,240,42,43,44,57,59,143,71,72,73,124,125,158,75,76,105,106,107,159,83,84,85,86,87,177,134,135,136,137,138,203,194,195,196,212,226,261,257,258,259,271,272,-1,																			//303:  【7.1.0】『プラチナガチャ』ver7.1.0まで
436,377,376,325,307,308,240,199,198,197,171,170,169,168,153,152,151,150,149,148,147,146,145,61,58,56,55,52,51,50,49,48,47,46,41,40,39,38,37,36,35,34,33,32,31,30,-1,							//304:  【7.2.0】伝説のネコルガ族
436,377,376,325,307,308,240,200,199,198,197,171,170,169,168,153,152,151,150,149,148,147,146,145,144,131,129,61,58,56,55,52,51,50,49,48,47,46,41,40,39,38,37,36,35,34,33,32,31,30,-1,					//305:  【7.2.0】『＋４キャラ』伝説のネコルガ族
436,377,376,325,307,308,240,239,238,237,199,198,197,171,170,169,168,153,152,151,150,149,148,147,146,145,61,58,56,55,52,51,50,49,48,47,46,41,40,39,38,37,36,35,34,33,32,31,30,-1,					//306:  【7.2.0】『支援隊入り』伝説のネコルガ族
435,435,435,435,435,435,306,259,196,137,84,76,71,43,240,377,376,239,238,237,200,144,131,129,325,307,308,199,198,197,153,152,151,150,149,148,147,146,145,61,58,56,55,52,51,50,49,48,47,46,41,40,39,38,37,36,35,33,32,31,30,-1,			//307:  【7.2.0】みんなが選んだ超選抜祭
436,431,427,417,401,396,380,377,376,361,360,359,355,351,338,325,322,318,316,306,305,304,307,308,272,271,269,34,42,43,44,57,59,71,72,73,75,76,83,84,85,86,87,105,106,107,124,125,134,135,136,137,138,143,158,159,168,169,170,171,177,194,195,196,203,212,226,261,240,257,258,259,200,144,131,129,237,238,239,199,198,197,153,152,151,150,149,148,147,146,145,61,58,56,55,52,51,50,49,48,47,46,41,40,39,38,37,36,35,33,32,31,30,-1,	//308:  【7.2.0】超ネコ祭
436,431,427,417,401,396,378,377,376,361,360,359,355,351,338,333,325,322,316,306,305,304,307,308,272,271,34,42,43,44,57,59,71,72,73,75,76,83,84,85,86,87,105,106,107,124,125,134,135,136,137,138,143,158,159,168,169,170,171,177,194,195,196,203,212,226,261,240,257,258,259,200,144,131,129,237,238,239,199,198,197,153,152,151,150,149,148,147,146,145,61,58,56,55,52,51,50,49,48,47,46,41,40,39,38,37,36,35,33,32,31,30,-1,		//309:  【7.2.0】極ネコ祭
436,431,427,417,401,397,396,380,378,361,360,359,355,351,338,333,322,318,316,306,305,304,286,283,269,34,168,169,170,171,240,42,43,44,57,59,143,71,72,73,124,125,158,75,76,105,106,107,159,83,84,85,86,87,177,134,135,136,137,138,203,194,195,196,212,226,261,257,258,259,271,272,-1,																			//310:  【7.2.0】『プラチナガチャ』ver7.2.0まで
439,377,376,325,316,272,271,259,258,257,307,308,199,198,197,153,152,151,150,149,148,147,146,145,61,58,56,55,52,51,50,49,48,47,46,41,40,39,38,37,36,35,33,32,31,30,-1,							//311:  【7.3.0】究極降臨ギガントゼウス
439,377,376,325,316,272,271,259,258,257,307,308,200,144,131,129,199,198,197,153,152,151,150,149,148,147,146,145,61,58,56,55,52,51,50,49,48,47,46,41,40,39,38,37,36,35,33,32,31,30,-1,					//312:  【7.3.0】『＋４キャラ』究極降臨ギガントゼウス
439,377,376,325,316,272,271,259,258,257,307,308,239,238,237,199,198,197,153,152,151,150,149,148,147,146,145,61,58,56,55,52,51,50,49,48,47,46,41,40,39,38,37,36,35,33,32,31,30,-1,					//313:  【7.3.0】『支援隊入り』究極降臨ギガントゼウス
438,354,275,274,276,276,276,276,377,376,325,307,308,199,198,197,153,152,151,150,149,148,147,146,145,61,58,56,55,52,51,50,49,48,47,46,41,40,39,38,37,36,35,33,32,31,30,-1,						//314:  【7.3.0】サマーガールズ
439,436,431,427,417,401,396,380,377,376,361,360,359,355,351,338,325,322,318,316,306,305,304,307,308,272,271,269,34,42,43,44,57,59,71,72,73,75,76,83,84,85,86,87,105,106,107,124,125,134,135,136,137,138,143,158,159,168,169,170,171,177,194,195,196,203,212,226,261,240,257,258,259,200,144,131,129,237,238,239,199,198,197,153,152,151,150,149,148,147,146,145,61,58,56,55,52,51,50,49,48,47,46,41,40,39,38,37,36,35,33,32,31,30,-1,	//315:  【7.3.0】超ネコ祭
439,436,431,427,417,401,396,378,377,376,361,360,359,355,351,338,333,325,322,316,306,305,304,307,308,272,271,34,42,43,44,57,59,71,72,73,75,76,83,84,85,86,87,105,106,107,124,125,134,135,136,137,138,143,158,159,168,169,170,171,177,194,195,196,203,212,226,261,240,257,258,259,200,144,131,129,237,238,239,199,198,197,153,152,151,150,149,148,147,146,145,61,58,56,55,52,51,50,49,48,47,46,41,40,39,38,37,36,35,33,32,31,30,-1,	//316:  【7.3.0】極ネコ祭
439,436,431,427,417,401,397,396,380,378,361,360,359,355,351,338,333,322,318,316,306,305,304,286,283,269,34,168,169,170,171,240,42,43,44,57,59,143,71,72,73,124,125,158,75,76,105,106,107,159,83,84,85,86,87,177,134,135,136,137,138,203,194,195,196,212,226,261,257,258,259,271,272,-1,																			//317:  【7.3.0】『プラチナガチャ』ver7.3.0まで
440,292,291,290,289,288,293,293,293,293,293,293,294,294,294,294,295,295,295,295,296,296,296,296,297,297,297,297,298,298,298,298,377,376,325,307,308,199,198,197,153,152,151,150,149,148,147,146,145,61,58,56,55,52,51,50,49,48,47,46,41,40,39,38,37,36,35,33,32,31,30,-1,				//318:  【7.4.0】魔法少女まどか★マギカ
441,439,436,431,427,417,401,396,378,377,376,361,360,359,355,351,338,333,325,322,316,306,305,304,307,308,272,271,34,42,43,44,57,59,71,72,73,75,76,83,84,85,86,87,105,106,107,124,125,134,135,136,137,138,143,158,159,168,169,170,171,177,194,195,196,203,212,226,261,240,257,258,259,200,144,131,129,237,238,239,199,198,197,153,152,151,150,149,148,147,146,145,61,58,56,55,52,51,50,49,48,47,46,41,40,39,38,37,36,35,33,32,31,30,-1,	//319:  【7.4.0】極ネコ祭
441,439,436,431,427,417,401,397,396,380,378,361,360,359,355,351,338,333,322,318,316,306,305,304,286,283,269,34,168,169,170,171,240,42,43,44,57,59,143,71,72,73,124,125,158,75,76,105,106,107,159,83,84,85,86,87,177,134,135,136,137,138,203,194,195,196,212,226,261,257,258,259,271,272,-1,																			//320:  【7.4.0】『プラチナガチャ』ver7.4.0まで
327,327,327,327,327,327,327,326,377,376,325,307,308,200,199,198,197,153,152,151,150,149,148,147,146,145,144,131,129,61,58,56,55,52,51,50,49,48,47,46,41,40,39,38,37,36,35,33,32,31,30,-1,					//321:  【7.4.0】『＋４キャラ』クラッシュフィーバー
327,327,327,327,327,327,327,326,377,376,325,307,308,239,238,237,199,198,197,153,152,151,150,149,148,147,146,145,61,58,56,55,52,51,50,49,48,47,46,41,40,39,38,37,36,35,33,32,31,30,-1,						//322:  【7.4.0】『支援隊入り』クラッシュフィーバー
440,440,440,292,292,292,291,291,291,290,290,290,289,289,289,288,288,293,293,293,293,293,293,294,294,294,294,295,295,295,295,296,296,296,296,297,297,297,297,298,298,298,298,377,376,325,307,308,199,198,197,153,152,151,150,149,148,147,146,145,61,58,56,55,52,51,50,49,48,47,46,41,40,39,38,37,36,35,33,32,31,30,-1,				//323:  【7.4.0】魔法少女まどか★マギカ
447,446,445,444,443,436,377,376,325,307,308,240,199,198,197,171,170,169,168,153,152,151,150,149,148,147,146,145,61,58,56,55,52,51,50,49,48,47,46,41,40,39,38,37,36,35,34,33,32,31,30,-1,			//324:  【8.0.0】伝説のネコルガ族
447,446,445,444,443,436,377,376,325,307,308,240,200,199,198,197,171,170,169,168,153,152,151,150,149,148,147,146,145,144,131,129,61,58,56,55,52,51,50,49,48,47,46,41,40,39,38,37,36,35,34,33,32,31,30,-1,	//325:  【8.0.0】『＋４キャラ』伝説のネコルガ族
447,446,445,444,443,436,377,376,325,307,308,240,239,238,237,199,198,197,171,170,169,168,153,152,151,150,149,148,147,146,145,61,58,56,55,52,51,50,49,48,47,46,41,40,39,38,37,36,35,34,33,32,31,30,-1,		//326:  【8.0.0】『支援隊入り』伝説のネコルガ族
447,446,445,444,443,427,377,376,325,307,308,199,198,197,153,152,151,150,149,148,147,146,145,143,59,57,44,43,42,61,58,56,55,52,51,50,49,48,47,46,41,40,39,38,37,36,35,33,32,31,30,-1,				//327:  【8.0.0】超激ダイナマイツセット
447,446,445,444,443,427,377,376,325,307,308,200,199,198,197,153,152,151,150,149,148,147,146,145,144,143,131,129,59,57,44,43,42,61,58,56,55,52,51,50,49,48,47,46,41,40,39,38,37,36,35,33,32,31,30,-1,		//328:  【8.0.0】『＋４キャラ』超激ダイナマイツ
447,446,445,444,443,427,377,376,325,307,308,239,238,237,199,198,197,153,152,151,150,149,148,147,146,145,143,59,57,44,43,42,61,58,56,55,52,51,50,49,48,47,46,41,40,39,38,37,36,35,33,32,31,30,-1,		//329:  【8.0.0】『支援隊入り』超激ダイナマイツ
448,447,446,445,444,443,377,376,338,325,307,308,199,198,197,158,153,152,151,150,149,148,147,146,145,124,125,73,72,71,61,58,56,55,52,51,50,49,48,47,46,41,40,39,38,37,36,35,33,32,31,30,-1,			//330:  【8.0.0】戦国武神バサラーズ 
448,447,446,445,444,443,377,376,338,325,307,308,200,199,198,197,158,153,152,151,150,149,148,147,146,145,144,131,129,124,125,73,72,71,61,58,56,55,52,51,50,49,48,47,46,41,40,39,38,37,36,35,33,32,31,30,-1,	//331:  【8.0.0】『＋４キャラ』戦国武神バサラーズ
448,447,446,445,444,443,377,376,338,325,307,308,239,238,237,199,198,197,158,153,152,151,150,149,148,147,146,145,124,125,73,72,71,61,58,56,55,52,51,50,49,48,47,46,41,40,39,38,37,36,35,33,32,31,30,-1,		//332:  【8.0.0】『支援隊入り』戦国武神バサラーズ
449,447,446,445,444,443,377,376,351,325,307,308,199,198,197,159,153,152,151,150,149,148,147,146,145,107,106,105,75,76,61,58,56,55,52,51,50,49,48,47,46,41,40,39,38,37,36,35,33,32,31,30,-1,			//333:  【8.0.0】電脳戦隊ギャラクシーギャルズ
449,447,446,445,444,443,377,376,351,325,307,308,200,199,198,197,159,153,152,151,150,149,148,147,146,145,144,131,129,107,106,105,75,76,61,58,56,55,52,51,50,49,48,47,46,41,40,39,38,37,36,35,33,32,31,30,-1,	//334:  【8.0.0】『＋４キャラ』戦隊ギャラクシーギャルズ
449,447,446,445,444,443,377,376,351,325,307,308,239,238,237,199,198,197,159,153,152,151,150,149,148,147,146,145,107,106,105,75,76,61,58,56,55,52,51,50,49,48,47,46,41,40,39,38,37,36,35,33,32,31,30,-1,		//335:  【8.0.0】『支援隊入り』電脳戦隊ギャラクシーギャルズ
450,447,446,445,444,443,396,377,376,325,307,308,199,198,197,177,153,152,151,150,149,148,147,146,145,84,83,87,85,86,61,58,56,55,52,51,50,49,48,47,46,41,40,39,38,37,36,35,33,32,31,30,-1,			//336:  【8.0.0】超破壊大帝ドラゴンエンペラーズ
450,447,446,445,444,443,396,377,376,325,307,308,200,199,198,197,177,153,152,151,150,149,148,147,146,145,144,131,129,84,83,87,85,86,61,58,56,55,52,51,50,49,48,47,46,41,40,39,38,37,36,35,33,32,31,30,-1,	//337:  【8.0.0】『＋４キャラ』超破壊大帝ドラゴンエンペラーズ
450,447,446,445,444,443,396,377,376,325,307,308,239,238,237,199,198,197,177,153,152,151,150,149,148,147,146,145,84,83,87,85,86,61,58,56,55,52,51,50,49,48,47,46,41,40,39,38,37,36,35,33,32,31,30,-1,		//338:  【8.0.0】『支援隊入り』超破壊大帝ドラゴンエンペラーズ
447,446,445,444,443,377,376,322,325,307,308,203,199,198,197,153,152,151,150,149,148,147,146,145,138,137,136,135,134,61,58,56,55,52,51,50,49,48,47,46,41,40,39,38,37,36,35,33,32,31,30,-1,			//339:  【8.0.0】超古代勇者ウルトラソウルズ
447,446,445,444,443,377,376,322,325,307,308,203,200,199,198,197,153,152,151,150,149,148,147,146,145,144,138,137,136,135,134,131,129,61,58,56,55,52,51,50,49,48,47,46,41,40,39,38,37,36,35,33,32,31,30,-1,	//340:  【8.0.0】『＋４キャラ』超古代勇者ウルトラソウルズ
447,446,445,444,443,377,376,322,325,307,308,239,238,237,203,199,198,197,153,152,151,150,149,148,147,146,145,138,137,136,135,134,61,58,56,55,52,51,50,49,48,47,46,41,40,39,38,37,36,35,33,32,31,30,-1,		//341:  【8.0.0】『支援隊入り』超古代勇者ウルトラソウルズ
447,446,445,444,443,431,377,376,325,307,308,261,226,212,199,198,197,196,195,194,153,152,151,150,149,148,147,146,145,61,58,56,55,52,51,50,49,48,47,46,41,40,39,38,37,36,35,33,32,31,30,-1,			//342:  【8.0.0】ダークヒーローズ
447,446,445,444,443,431,377,376,325,307,308,261,226,212,200,199,198,197,196,195,194,153,152,151,150,149,148,147,146,145,144,131,129,61,58,56,55,52,51,50,49,48,47,46,41,40,39,38,37,36,35,33,32,31,30,-1,	//343:  【8.0.0】『＋４キャラ』ダークヒーローズ
447,446,445,444,443,431,377,376,325,307,308,261,239,238,237,226,212,199,198,197,196,195,194,153,152,151,150,149,148,147,146,145,61,58,56,55,52,51,50,49,48,47,46,41,40,39,38,37,36,35,33,32,31,30,-1,		//344:  【8.0.0】『支援隊入り』ダークヒーローズ
447,446,445,444,443,439,377,376,325,316,272,271,259,258,257,307,308,199,198,197,153,152,151,150,149,148,147,146,145,61,58,56,55,52,51,50,49,48,47,46,41,40,39,38,37,36,35,33,32,31,30,-1,			//345:  【8.0.0】究極降臨ギガントゼウス
447,446,445,444,443,439,377,376,325,316,272,271,259,258,257,307,308,200,144,131,129,199,198,197,153,152,151,150,149,148,147,146,145,61,58,56,55,52,51,50,49,48,47,46,41,40,39,38,37,36,35,33,32,31,30,-1,	//346:  【8.0.0】『＋４キャラ』究極降臨ギガントゼウス
447,446,445,444,443,439,377,376,325,316,272,271,259,258,257,307,308,239,238,237,199,198,197,153,152,151,150,149,148,147,146,145,61,58,56,55,52,51,50,49,48,47,46,41,40,39,38,37,36,35,33,32,31,30,-1,		//347:  【8.0.0】『支援隊入り』究極降臨ギガントゼウス
447,446,445,444,443,417,377,376,355,325,306,305,304,307,308,199,198,197,153,152,151,150,149,148,147,146,145,61,58,56,55,52,51,50,49,48,47,46,41,40,39,38,37,36,35,33,32,31,30,-1,				//348:  【8.0.0】革命軍隊アイアンウォーズ
447,446,445,444,443,417,377,376,355,325,306,305,304,307,308,200,144,131,129,199,198,197,153,152,151,150,149,148,147,146,145,61,58,56,55,52,51,50,49,48,47,46,41,40,39,38,37,36,35,33,32,31,30,-1,		//349:  【8.0.0】『＋４キャラ』革命軍隊アイアンウォーズ
447,446,445,444,443,417,377,376,355,325,306,305,304,307,308,239,238,237,199,198,197,153,152,151,150,149,148,147,146,145,61,58,56,55,52,51,50,49,48,47,46,41,40,39,38,37,36,35,33,32,31,30,-1,			//350:  【8.0.0】『支援隊入り』革命軍隊アイアンウォーズ
447,446,445,444,443,401,377,376,361,360,359,325,307,308,199,198,197,153,152,151,150,149,148,147,146,145,61,58,56,55,52,51,50,49,48,47,46,41,40,39,38,37,36,35,33,32,31,30,-1,					//351:  【8.0.0】大精霊エレメンタルピクシーズ
447,446,445,444,443,401,377,376,361,360,359,200,144,131,129,325,307,308,199,198,197,153,152,151,150,149,148,147,146,145,61,58,56,55,52,51,50,49,48,47,46,41,40,39,38,37,36,35,33,32,31,30,-1,			//352:  【8.0.0】『＋４キャラ』大精霊エレメンタルピクシーズ
447,446,445,444,443,401,377,376,361,360,359,239,238,237,325,307,308,199,198,197,153,152,151,150,149,148,147,146,145,61,58,56,55,52,51,50,49,48,47,46,41,40,39,38,37,36,35,33,32,31,30,-1,			//353:  【8.0.0】『支援隊入り』大精霊エレメンタルピクシーズ
447,446,445,444,443,377,376,358,357,336,335,334,325,307,308,199,198,197,153,152,151,150,149,148,147,146,145,61,58,56,55,52,51,50,49,48,47,46,41,40,39,38,37,36,35,33,32,31,30,-1,				//354:  【8.0.0】ガルズモンズ
447,446,445,444,443,377,376,358,357,336,335,334,200,144,131,129,325,307,308,199,198,197,153,152,151,150,149,148,147,146,145,61,58,56,55,52,51,50,49,48,47,46,41,40,39,38,37,36,35,33,32,31,30,-1,		//355:  【8.0.0】『＋４キャラ』ガルズモンズ
447,446,445,444,443,377,376,358,357,336,335,334,239,238,237,325,307,308,199,198,197,153,152,151,150,149,148,147,146,145,61,58,56,55,52,51,50,49,48,47,46,41,40,39,38,37,36,35,33,32,31,30,-1,			//356:  【8.0.0】『支援隊入り』ガルズモンズ
435,360,306,259,196,137,84,76,71,43,240,377,376,325,307,308,199,198,197,153,152,151,150,149,148,147,146,145,61,58,56,55,52,51,50,49,48,47,46,41,40,39,38,37,36,35,33,32,31,30,-1,				//357:  【8.0.0】みんなが選んだ超選抜祭
330,286,335,401,355,439,226,136,396,351,72,57,436,332,332,332,332,332,377,376,325,307,308,199,198,197,153,152,151,150,149,148,147,146,145,61,58,56,55,52,51,50,49,48,47,46,41,40,39,38,37,36,35,33,32,31,30,-1,	//358:  【8.0.0】ウルトラセレクション
438,397,357,361,417,271,431,134,86,159,73,427,170,276,276,276,276,276,377,376,325,307,308,199,198,197,153,152,151,150,149,148,147,146,145,61,58,56,55,52,51,50,49,48,47,46,41,40,39,38,37,36,35,33,32,31,30,-1,	//359:  【8.0.0】ミラクルセレクション
439,436,431,427,417,401,396,380,377,376,361,360,359,355,351,338,325,322,318,316,306,305,304,307,308,272,271,269,34,42,43,44,57,59,71,72,73,75,76,83,84,85,86,87,105,106,107,124,125,134,135,136,137,138,143,158,159,168,169,170,171,177,194,195,196,203,212,226,261,240,257,258,259,199,198,197,153,152,151,150,149,148,147,146,145,61,58,56,55,52,51,50,49,48,47,46,41,40,39,38,37,36,35,33,32,31,30,-1,	//360:  【8.0.0】超ネコ祭
441,439,436,431,427,417,401,396,378,377,376,361,360,359,355,351,338,333,325,322,316,306,305,304,307,308,272,271,34,42,43,44,57,59,71,72,73,75,76,83,84,85,86,87,105,106,107,124,125,134,135,136,137,138,143,158,159,168,169,170,171,177,194,195,196,203,212,226,261,240,257,258,259,199,198,197,153,152,151,150,149,148,147,146,145,61,58,56,55,52,51,50,49,48,47,46,41,40,39,38,37,36,35,33,32,31,30,-1,	//361:  【8.0.0】極ネコ祭
451,447,446,445,444,443,377,376,322,325,307,308,203,199,198,197,153,152,151,150,149,148,147,146,145,138,137,136,135,134,61,58,56,55,52,51,50,49,48,47,46,41,40,39,38,37,36,35,33,32,31,30,-1,			//362:  【8.1.0】超古代勇者ウルトラソウルズ
451,447,446,445,444,443,377,376,322,325,307,308,203,200,199,198,197,153,152,151,150,149,148,147,146,145,144,138,137,136,135,134,131,129,61,58,56,55,52,51,50,49,48,47,46,41,40,39,38,37,36,35,33,32,31,30,-1,	//363:  【8.1.0】『＋４キャラ』超古代勇者ウルトラソウルズ
451,447,446,445,444,443,377,376,322,325,307,308,239,238,237,203,199,198,197,153,152,151,150,149,148,147,146,145,138,137,136,135,134,61,58,56,55,52,51,50,49,48,47,46,41,40,39,38,37,36,35,33,32,31,30,-1,	//364:  【8.1.0】『支援隊入り』超古代勇者ウルトラソウルズ
354,397,359,304,257,194,138,76,83,125,42,168,314,314,314,314,314,377,376,325,307,308,199,198,197,153,152,151,150,149,148,147,146,145,61,58,56,55,52,51,50,49,48,47,46,41,40,39,38,37,36,35,33,32,31,30,-1,				//365:  【8.1.0】忘年会ガチャ
275,283,401,305,272,261,203,75,84,73,44,171,314,314,314,314,314,377,376,325,307,308,199,198,197,153,152,151,150,149,148,147,146,145,61,58,56,55,52,51,50,49,48,47,46,41,40,39,38,37,36,35,33,32,31,30,-1,				//366:  【8.1.0】新年ガチャ
435,439,436,431,427,417,401,396,380,377,376,361,360,359,355,351,338,325,322,318,316,306,305,304,307,308,272,271,269,34,42,43,44,57,59,71,72,73,75,76,83,84,85,86,87,105,106,107,124,125,134,135,136,137,138,143,158,159,168,169,170,171,177,194,195,196,203,212,226,261,240,257,258,259,199,198,197,153,152,151,150,149,148,147,146,145,61,58,56,55,52,51,50,49,48,47,46,41,40,39,38,37,36,35,33,32,31,30,-1,	//367:  【8.1.0】超ネコ祭
460,460,460,460,460,460,459,459,459,458,458,458,456,362,363,364,365,366,367,368,370,370,370,371,371,371,372,372,372,377,376,325,307,308,199,198,197,153,152,151,150,149,148,147,146,145,61,58,56,55,52,51,50,49,48,47,46,41,40,39,38,37,36,35,33,32,31,30,-1,	//368:  【8.2.0】Fateコラボガチャ
455,447,446,445,444,443,427,377,376,325,307,308,199,198,197,153,152,151,150,149,148,147,146,145,143,59,57,44,43,42,61,58,56,55,52,51,50,49,48,47,46,41,40,39,38,37,36,35,33,32,31,30,-1,			//369:  【8.2.0】超激ダイナマイツセット
455,447,446,445,444,443,427,377,376,325,307,308,200,199,198,197,153,152,151,150,149,148,147,146,145,144,143,131,129,59,57,44,43,42,61,58,56,55,52,51,50,49,48,47,46,41,40,39,38,37,36,35,33,32,31,30,-1,	//370:  【8.2.0】『＋４キャラ』超激ダイナマイツ
455,447,446,445,444,443,427,377,376,325,307,308,239,238,237,199,198,197,153,152,151,150,149,148,147,146,145,143,59,57,44,43,42,61,58,56,55,52,51,50,49,48,47,46,41,40,39,38,37,36,35,33,32,31,30,-1,		//371:  【8.2.0】『支援隊入り』超激ダイナマイツ
461,447,446,445,444,443,436,377,376,325,307,308,240,199,198,197,171,170,169,168,153,152,151,150,149,148,147,146,145,61,58,56,55,52,51,50,49,48,47,46,41,40,39,38,37,36,35,34,33,32,31,30,-1,			//372:  【8.3.0】伝説のネコルガ族
461,447,446,445,444,443,436,377,376,325,307,308,240,200,199,198,197,171,170,169,168,153,152,151,150,149,148,147,146,145,144,131,129,61,58,56,55,52,51,50,49,48,47,46,41,40,39,38,37,36,35,34,33,32,31,30,-1,	//373:  【8.3.0】『＋４キャラ』伝説のネコルガ族
461,447,446,445,444,443,436,377,376,325,307,308,240,239,238,237,199,198,197,171,170,169,168,153,152,151,150,149,148,147,146,145,61,58,56,55,52,51,50,49,48,47,46,41,40,39,38,37,36,35,34,33,32,31,30,-1,	//374:  【8.3.0】『支援隊入り』伝説のネコルガ族
174,173,173,173,173,173,173,377,376,325,307,308,200,199,198,197,153,152,151,150,149,148,147,146,145,144,131,129,61,58,56,55,52,51,50,49,48,47,46,41,40,39,38,37,36,35,33,32,31,30,-1,				//375:  【8.3.0】『＋４キャラ』生きろ！マンボウ！
174,173,173,173,173,173,173,377,376,325,307,308,239,238,237,199,198,197,153,152,151,150,149,148,147,146,145,61,58,56,55,52,51,50,49,48,47,46,41,40,39,38,37,36,35,33,32,31,30,-1,				//376:  【8.3.0】『支援隊入り』生きろ！マンボウ！
463,447,446,445,444,443,417,377,376,355,325,306,305,304,307,308,199,198,197,153,152,151,150,149,148,147,146,145,61,58,56,55,52,51,50,49,48,47,46,41,40,39,38,37,36,35,33,32,31,30,-1,				//377:  【8.4.0】革命軍隊アイアンウォーズ
463,447,446,445,444,443,417,377,376,355,325,306,305,304,307,308,200,144,131,129,199,198,197,153,152,151,150,149,148,147,146,145,61,58,56,55,52,51,50,49,48,47,46,41,40,39,38,37,36,35,33,32,31,30,-1,		//378:  【8.4.0】『＋４キャラ』革命軍隊アイアンウォーズ
463,447,446,445,444,443,417,377,376,355,325,306,305,304,307,308,239,238,237,199,198,197,153,152,151,150,149,148,147,146,145,61,58,56,55,52,51,50,49,48,47,46,41,40,39,38,37,36,35,33,32,31,30,-1,		//379:  【8.4.0】『支援隊入り』革命軍隊アイアンウォーズ
478,447,446,445,444,443,401,377,376,361,360,359,325,307,308,199,198,197,153,152,151,150,149,148,147,146,145,61,58,56,55,52,51,50,49,48,47,46,41,40,39,38,37,36,35,33,32,31,30,-1,				//380:  【8.5.0】大精霊エレメンタルピクシーズ
478,447,446,445,444,443,401,377,376,361,360,359,200,144,131,129,325,307,308,199,198,197,153,152,151,150,149,148,147,146,145,61,58,56,55,52,51,50,49,48,47,46,41,40,39,38,37,36,35,33,32,31,30,-1,		//381:  【8.5.0】『＋４キャラ』大精霊エレメンタルピクシーズ
478,447,446,445,444,443,401,377,376,361,360,359,239,238,237,325,307,308,199,198,197,153,152,151,150,149,148,147,146,145,61,58,56,55,52,51,50,49,48,47,46,41,40,39,38,37,36,35,33,32,31,30,-1,			//382:  【8.5.0】『支援隊入り』大精霊エレメンタルピクシーズ
472,472,472,472,472,472,471,470,469,468,467,466,377,376,325,307,308,199,198,197,153,152,151,150,149,148,147,146,145,61,58,56,55,52,51,50,49,48,47,46,41,40,39,38,37,36,35,33,32,31,30,-1,			//383:  【8.5.0】ビックリマン
481,447,446,445,444,443,431,377,376,325,307,308,261,226,212,199,198,197,196,195,194,153,152,151,150,149,148,147,146,145,61,58,56,55,52,51,50,49,48,47,46,41,40,39,38,37,36,35,33,32,31,30,-1,			//384:  【8.6.0】ダークヒーローズ
481,447,446,445,444,443,431,377,376,325,307,308,261,226,212,200,199,198,197,196,195,194,153,152,151,150,149,148,147,146,145,144,131,129,61,58,56,55,52,51,50,49,48,47,46,41,40,39,38,37,36,35,33,32,31,30,-1,	//385:  【8.6.0】『＋４キャラ』ダークヒーローズ
481,447,446,445,444,443,431,377,376,325,307,308,261,239,238,237,226,212,199,198,197,196,195,194,153,152,151,150,149,148,147,146,145,61,58,56,55,52,51,50,49,48,47,46,41,40,39,38,37,36,35,33,32,31,30,-1,		//386:  【8.6.0】『支援隊入り』ダークヒーローズ
482,341,270,180,429,429,429,429,429,429,429,429,428,428,428,428,428,428,428,428,428,428,428,377,376,325,307,308,199,198,197,153,152,151,150,149,148,147,146,145,61,58,56,55,52,51,50,49,48,47,46,41,40,39,38,37,36,35,33,32,31,30,-1,				//387:  【7.1.0】消滅都市0.
484,361,306,259,261,137,76,84,72,143,34,377,376,325,307,308,199,198,197,153,152,151,150,149,148,147,146,145,61,58,56,55,52,51,50,49,48,47,46,41,40,39,38,37,36,35,33,32,31,30,-1,				//388:  【8.6.0】極選抜祭
435,360,417,439,196,135,75,85,71,43,240,377,376,325,307,308,199,198,197,153,152,151,150,149,148,147,146,145,61,58,56,55,52,51,50,49,48,47,46,41,40,39,38,37,36,35,33,32,31,30,-1,				//389:  【8.6.0】超選抜祭
486,485,337,161,160,64,65,66,67,68,-1,																						//390:  【8.7.0】ケリ姫ガチャ
488,487,491,490,489,416,415,414,413,412,411,410,409,408,408,408,408,407,407,407,407,406,406,406,406,377,376,325,307,308,199,198,197,153,152,151,150,149,148,147,146,145,61,58,56,55,52,51,50,49,48,47,46,41,40,39,38,37,36,35,33,32,31,30,-1,						//391:  【8.7.0】エヴァンゲリオン
493,447,446,445,444,443,439,377,376,325,316,272,271,259,258,257,307,308,199,198,197,153,152,151,150,149,148,147,146,145,61,58,56,55,52,51,50,49,48,47,46,41,40,39,38,37,36,35,33,32,31,30,-1,			//392:  【8.7.0】究極降臨ギガントゼウス
493,447,446,445,444,443,439,377,376,325,316,272,271,259,258,257,307,308,200,144,131,129,199,198,197,153,152,151,150,149,148,147,146,145,61,58,56,55,52,51,50,49,48,47,46,41,40,39,38,37,36,35,33,32,31,30,-1,	//393:  【8.7.0】『＋４キャラ』究極降臨ギガントゼウス
493,447,446,445,444,443,439,377,376,325,316,272,271,259,258,257,307,308,239,238,237,199,198,197,153,152,151,150,149,148,147,146,145,61,58,56,55,52,51,50,49,48,47,46,41,40,39,38,37,36,35,33,32,31,30,-1,	//394:  【8.7.0】『支援隊入り』究極降臨ギガントゼウス
494,438,354,275,274,276,276,276,276,377,376,325,307,308,199,198,197,153,152,151,150,149,148,147,146,145,61,58,56,55,52,51,50,49,48,47,46,41,40,39,38,37,36,35,33,32,31,30,-1,					//395:  【8.7.0】サマーガールズ
496,448,447,446,445,444,443,377,376,338,325,307,308,199,198,197,158,153,152,151,150,149,148,147,146,145,124,125,73,72,71,61,58,56,55,52,51,50,49,48,47,46,41,40,39,38,37,36,35,33,32,31,30,-1,			//396:  【8.8.0】戦国武神バサラーズ 
496,448,447,446,445,444,443,377,376,338,325,307,308,200,199,198,197,158,153,152,151,150,149,148,147,146,145,144,131,129,124,125,73,72,71,61,58,56,55,52,51,50,49,48,47,46,41,40,39,38,37,36,35,33,32,31,30,-1,	//397:  【8.8.0】『＋４キャラ』戦国武神バサラーズ
496,448,447,446,445,444,443,377,376,338,325,307,308,239,238,237,199,198,197,158,153,152,151,150,149,148,147,146,145,124,125,73,72,71,61,58,56,55,52,51,50,49,48,47,46,41,40,39,38,37,36,35,33,32,31,30,-1,	//398:  【8.8.0】『支援隊入り』戦国武神バサラーズ
496,439,436,431,427,417,401,396,380,377,376,361,360,359,355,351,338,325,322,318,316,306,305,304,307,308,272,271,269,34,42,43,44,57,59,71,72,73,75,76,83,84,85,86,87,105,106,107,124,125,134,135,136,137,138,143,158,159,168,169,170,171,177,194,195,196,203,212,226,261,240,257,258,259,199,198,197,153,152,151,150,149,148,147,146,145,61,58,56,55,52,51,50,49,48,47,46,41,40,39,38,37,36,35,33,32,31,30,-1,			//399:  【8.8.0】超ネコ祭
496,441,439,436,431,427,417,401,396,378,377,376,361,360,359,355,351,338,333,325,322,316,306,305,304,307,308,272,271,34,42,43,44,57,59,71,72,73,75,76,83,84,85,86,87,105,106,107,124,125,134,135,136,137,138,143,158,159,168,169,170,171,177,194,195,196,203,212,226,261,240,257,258,259,199,198,197,153,152,151,150,149,148,147,146,145,61,58,56,55,52,51,50,49,48,47,46,41,40,39,38,37,36,35,33,32,31,30,-1,			//400:  【8.8.0】極ネコ祭
496,441,439,436,431,427,417,401,397,396,380,378,361,360,359,355,351,338,333,322,318,316,306,305,304,286,283,269,34,168,169,170,171,240,42,43,44,57,59,143,71,72,73,124,125,158,75,76,105,106,107,159,83,84,85,86,87,177,134,135,136,137,138,203,194,195,196,212,226,261,257,258,259,271,272,-1,																	//401:  【8.8.0】『プラチナガチャ』ver8.8.0まで
502,449,447,446,445,444,443,377,376,351,325,307,308,199,198,197,159,153,152,151,150,149,148,147,146,145,107,106,105,75,76,61,58,56,55,52,51,50,49,48,47,46,41,40,39,38,37,36,35,33,32,31,30,-1,			//402:  【8.9.0】電脳戦隊ギャラクシーギャルズ
502,449,447,446,445,444,443,377,376,351,325,307,308,200,199,198,197,159,153,152,151,150,149,148,147,146,145,144,131,129,107,106,105,75,76,61,58,56,55,52,51,50,49,48,47,46,41,40,39,38,37,36,35,33,32,31,30,-1,	//403:  【8.9.0】『＋４キャラ』戦隊ギャラクシーギャルズ
502,449,447,446,445,444,443,377,376,351,325,307,308,239,238,237,199,198,197,159,153,152,151,150,149,148,147,146,145,107,106,105,75,76,61,58,56,55,52,51,50,49,48,47,46,41,40,39,38,37,36,35,33,32,31,30,-1,		//404:  【8.9.0】『支援隊入り』電脳戦隊ギャラクシーギャルズ
502,496,439,436,431,427,417,401,396,380,377,376,361,360,359,355,351,338,325,322,318,316,306,305,304,307,308,272,271,269,34,42,43,44,57,59,71,72,73,75,76,83,84,85,86,87,105,106,107,124,125,134,135,136,137,138,143,158,159,168,169,170,171,177,194,195,196,203,212,226,261,240,257,258,259,199,198,197,153,152,151,150,149,148,147,146,145,61,58,56,55,52,51,50,49,48,47,46,41,40,39,38,37,36,35,33,32,31,30,-1,			//405:  【8.9.0】超ネコ祭
502,496,441,439,436,431,427,417,401,396,378,377,376,361,360,359,355,351,338,333,325,322,316,306,305,304,307,308,272,271,34,42,43,44,57,59,71,72,73,75,76,83,84,85,86,87,105,106,107,124,125,134,135,136,137,138,143,158,159,168,169,170,171,177,194,195,196,203,212,226,261,240,257,258,259,199,198,197,153,152,151,150,149,148,147,146,145,61,58,56,55,52,51,50,49,48,47,46,41,40,39,38,37,36,35,33,32,31,30,-1,			//406:  【8.9.0】極ネコ祭
502,496,441,439,436,431,427,417,401,397,396,380,378,361,360,359,355,351,338,333,322,318,316,306,305,304,286,283,269,34,168,169,170,171,240,42,43,44,57,59,143,71,72,73,124,125,158,75,76,105,106,107,159,83,84,85,86,87,177,134,135,136,137,138,203,194,195,196,212,226,261,257,258,259,271,272,-1,																	//407:  【8.9.0】『プラチナガチャ』ver8.9.0まで
505,450,447,446,445,444,443,396,377,376,325,307,308,199,198,197,177,153,152,151,150,149,148,147,146,145,84,83,87,85,86,61,58,56,55,52,51,50,49,48,47,46,41,40,39,38,37,36,35,33,32,31,30,-1,			//408:  【8.10.0】超破壊大帝ドラゴンエンペラーズ
505,450,447,446,445,444,443,396,377,376,325,307,308,200,199,198,197,177,153,152,151,150,149,148,147,146,145,144,131,129,84,83,87,85,86,61,58,56,55,52,51,50,49,48,47,46,41,40,39,38,37,36,35,33,32,31,30,-1,	//409:  【8.10.0】『＋４キャラ』超破壊大帝ドラゴンエンペラーズ
505,450,447,446,445,444,443,396,377,376,325,307,308,239,238,237,199,198,197,177,153,152,151,150,149,148,147,146,145,84,83,87,85,86,61,58,56,55,52,51,50,49,48,47,46,41,40,39,38,37,36,35,33,32,31,30,-1,		//410:  【8.10.0】『支援隊入り』超破壊大帝ドラゴンエンペラーズ
505,502,496,439,436,431,427,417,401,396,380,377,376,361,360,359,355,351,338,325,322,318,316,306,305,304,307,308,272,271,269,34,42,43,44,57,59,71,72,73,75,76,83,84,85,86,87,105,106,107,124,125,134,135,136,137,138,143,158,159,168,169,170,171,177,194,195,196,203,212,226,261,240,257,258,259,199,198,197,153,152,151,150,149,148,147,146,145,61,58,56,55,52,51,50,49,48,47,46,41,40,39,38,37,36,35,33,32,31,30,-1,			//411:  【8.10.0】超ネコ祭
505,502,496,441,439,436,431,427,417,401,396,378,377,376,361,360,359,355,351,338,333,325,322,316,306,305,304,307,308,272,271,34,42,43,44,57,59,71,72,73,75,76,83,84,85,86,87,105,106,107,124,125,134,135,136,137,138,143,158,159,168,169,170,171,177,194,195,196,203,212,226,261,240,257,258,259,199,198,197,153,152,151,150,149,148,147,146,145,61,58,56,55,52,51,50,49,48,47,46,41,40,39,38,37,36,35,33,32,31,30,-1,			//412:  【8.10.0】極ネコ祭
505,502,496,441,439,436,431,427,417,401,397,396,380,378,361,360,359,355,351,338,333,322,318,316,306,305,304,286,283,269,34,168,169,170,171,240,42,43,44,57,59,143,71,72,73,124,125,158,75,76,105,106,107,159,83,84,85,86,87,177,134,135,136,137,138,203,194,195,196,212,226,261,257,258,259,271,272,-1,																	//413:  【8.10.0】『プラチナガチャ』ver8.10.0まで
506,346,345,344,190,189,188,187,186,185,110,111,112,113,114,115,116,117,118,119,-1,																//414:  【8.10.0】メルクストーリア　第五弾
510,511,512,513,514,515,516,517,377,376,325,307,308,199,198,197,153,152,151,150,149,148,147,146,145,61,58,56,55,52,51,50,49,48,47,46,41,40,39,38,37,36,35,33,32,31,30,-1,					//415  【8.10.5】ストリートファイターⅤ
519,455,447,446,445,444,443,427,377,376,325,307,308,199,198,197,153,152,151,150,149,148,147,146,145,143,59,57,44,43,42,61,58,56,55,52,51,50,49,48,47,46,41,40,39,38,37,36,35,33,32,31,30,-1,
519,455,447,446,445,444,443,427,377,376,325,307,308,200,199,198,197,153,152,151,150,149,148,147,146,145,144,143,131,129,59,57,44,43,42,61,58,56,55,52,51,50,49,48,47,46,41,40,39,38,37,36,35,33,32,31,30,-1,
519,455,447,446,445,444,443,427,377,376,325,307,308,239,238,237,199,198,197,153,152,151,150,149,148,147,146,145,143,59,57,44,43,42,61,58,56,55,52,51,50,49,48,47,46,41,40,39,38,37,36,35,33,32,31,30,-1,
519,505,502,496,439,436,431,427,417,401,396,380,377,376,361,360,359,355,351,338,325,322,318,316,306,305,304,307,308,272,271,269,34,42,43,44,57,59,71,72,73,75,76,83,84,85,86,87,105,106,107,124,125,134,135,136,137,138,143,158,159,168,169,170,171,177,194,195,196,203,212,226,261,240,257,258,259,199,198,197,153,152,151,150,149,148,147,146,145,61,58,56,55,52,51,50,49,48,47,46,41,40,39,38,37,36,35,33,32,31,30,-1,
519,505,502,496,441,439,436,431,427,417,401,396,378,377,376,361,360,359,355,351,338,333,325,322,316,306,305,304,307,308,272,271,34,42,43,44,57,59,71,72,73,75,76,83,84,85,86,87,105,106,107,124,125,134,135,136,137,138,143,158,159,168,169,170,171,177,194,195,196,203,212,226,261,240,257,258,259,199,198,197,153,152,151,150,149,148,147,146,145,61,58,56,55,52,51,50,49,48,47,46,41,40,39,38,37,36,35,33,32,31,30,-1,
523,522,495,461,447,446,445,444,443,436,377,376,325,307,308,240,199,198,197,171,170,169,168,153,152,151,150,149,148,147,146,145,61,58,56,55,52,51,50,49,48,47,46,41,40,39,38,37,36,35,34,33,32,31,30,-1,
523,522,495,461,447,446,445,444,443,436,377,376,325,307,308,240,200,199,198,197,171,170,169,168,153,152,151,150,149,148,147,146,145,144,131,129,61,58,56,55,52,51,50,49,48,47,46,41,40,39,38,37,36,35,34,33,32,31,30,-1,
523,522,495,461,447,446,445,444,443,436,377,376,325,307,308,240,239,238,237,199,198,197,171,170,169,168,153,152,151,150,149,148,147,146,145,61,58,56,55,52,51,50,49,48,47,46,41,40,39,38,37,36,35,34,33,32,31,30,-1,
523,522,495,519,455,447,446,445,444,443,427,377,376,325,307,308,199,198,197,153,152,151,150,149,148,147,146,145,143,59,57,44,43,42,61,58,56,55,52,51,50,49,48,47,46,41,40,39,38,37,36,35,33,32,31,30,-1,
523,522,495,519,455,447,446,445,444,443,427,377,376,325,307,308,200,199,198,197,153,152,151,150,149,148,147,146,145,144,143,131,129,59,57,44,43,42,61,58,56,55,52,51,50,49,48,47,46,41,40,39,38,37,36,35,33,32,31,30,-1,
523,522,495,519,455,447,446,445,444,443,427,377,376,325,307,308,239,238,237,199,198,197,153,152,151,150,149,148,147,146,145,143,59,57,44,43,42,61,58,56,55,52,51,50,49,48,47,46,41,40,39,38,37,36,35,33,32,31,30,-1,
523,522,495,496,448,447,446,445,444,443,377,376,338,325,307,308,199,198,197,158,153,152,151,150,149,148,147,146,145,124,125,73,72,71,61,58,56,55,52,51,50,49,48,47,46,41,40,39,38,37,36,35,33,32,31,30,-1,
523,522,495,496,448,447,446,445,444,443,377,376,338,325,307,308,200,199,198,197,158,153,152,151,150,149,148,147,146,145,144,131,129,124,125,73,72,71,61,58,56,55,52,51,50,49,48,47,46,41,40,39,38,37,36,35,33,32,31,30,-1,
523,522,495,496,448,447,446,445,444,443,377,376,338,325,307,308,239,238,237,199,198,197,158,153,152,151,150,149,148,147,146,145,124,125,73,72,71,61,58,56,55,52,51,50,49,48,47,46,41,40,39,38,37,36,35,33,32,31,30,-1,
523,522,495,502,449,447,446,445,444,443,377,376,351,325,307,308,199,198,197,159,153,152,151,150,149,148,147,146,145,107,106,105,75,76,61,58,56,55,52,51,50,49,48,47,46,41,40,39,38,37,36,35,33,32,31,30,-1,
523,522,495,502,449,447,446,445,444,443,377,376,351,325,307,308,200,199,198,197,159,153,152,151,150,149,148,147,146,145,144,131,129,107,106,105,75,76,61,58,56,55,52,51,50,49,48,47,46,41,40,39,38,37,36,35,33,32,31,30,-1,
523,522,495,502,449,447,446,445,444,443,377,376,351,325,307,308,239,238,237,199,198,197,159,153,152,151,150,149,148,147,146,145,107,106,105,75,76,61,58,56,55,52,51,50,49,48,47,46,41,40,39,38,37,36,35,33,32,31,30,-1,
523,522,495,505,450,447,446,445,444,443,396,377,376,325,307,308,199,198,197,177,153,152,151,150,149,148,147,146,145,84,83,87,85,86,61,58,56,55,52,51,50,49,48,47,46,41,40,39,38,37,36,35,33,32,31,30,-1,
523,522,495,505,450,447,446,445,444,443,396,377,376,325,307,308,200,199,198,197,177,153,152,151,150,149,148,147,146,145,144,131,129,84,83,87,85,86,61,58,56,55,52,51,50,49,48,47,46,41,40,39,38,37,36,35,33,32,31,30,-1,
523,522,495,505,450,447,446,445,444,443,396,377,376,325,307,308,239,238,237,199,198,197,177,153,152,151,150,149,148,147,146,145,84,83,87,85,86,61,58,56,55,52,51,50,49,48,47,46,41,40,39,38,37,36,35,33,32,31,30,-1,
523,522,495,451,447,446,445,444,443,377,376,322,325,307,308,203,199,198,197,153,152,151,150,149,148,147,146,145,138,137,136,135,134,61,58,56,55,52,51,50,49,48,47,46,41,40,39,38,37,36,35,33,32,31,30,-1,
523,522,495,451,447,446,445,444,443,377,376,322,325,307,308,203,200,199,198,197,153,152,151,150,149,148,147,146,145,144,138,137,136,135,134,131,129,61,58,56,55,52,51,50,49,48,47,46,41,40,39,38,37,36,35,33,32,31,30,-1,
523,522,495,451,447,446,445,444,443,377,376,322,325,307,308,239,238,237,203,199,198,197,153,152,151,150,149,148,147,146,145,138,137,136,135,134,61,58,56,55,52,51,50,49,48,47,46,41,40,39,38,37,36,35,33,32,31,30,-1,
523,522,495,481,447,446,445,444,443,431,377,376,325,307,308,261,226,212,199,198,197,196,195,194,153,152,151,150,149,148,147,146,145,61,58,56,55,52,51,50,49,48,47,46,41,40,39,38,37,36,35,33,32,31,30,-1,
523,522,495,481,447,446,445,444,443,431,377,376,325,307,308,261,226,212,200,199,198,197,196,195,194,153,152,151,150,149,148,147,146,145,144,131,129,61,58,56,55,52,51,50,49,48,47,46,41,40,39,38,37,36,35,33,32,31,30,-1,
523,522,495,481,447,446,445,444,443,431,377,376,325,307,308,261,239,238,237,226,212,199,198,197,196,195,194,153,152,151,150,149,148,147,146,145,61,58,56,55,52,51,50,49,48,47,46,41,40,39,38,37,36,35,33,32,31,30,-1,
523,522,495,493,447,446,445,444,443,439,377,376,325,316,272,271,259,258,257,307,308,199,198,197,153,152,151,150,149,148,147,146,145,61,58,56,55,52,51,50,49,48,47,46,41,40,39,38,37,36,35,33,32,31,30,-1,
523,522,495,493,447,446,445,444,443,439,377,376,325,316,272,271,259,258,257,307,308,200,144,131,129,199,198,197,153,152,151,150,149,148,147,146,145,61,58,56,55,52,51,50,49,48,47,46,41,40,39,38,37,36,35,33,32,31,30,-1,
523,522,495,493,447,446,445,444,443,439,377,376,325,316,272,271,259,258,257,307,308,239,238,237,199,198,197,153,152,151,150,149,148,147,146,145,61,58,56,55,52,51,50,49,48,47,46,41,40,39,38,37,36,35,33,32,31,30,-1,
523,522,495,463,447,446,445,444,443,417,377,376,355,325,306,305,304,307,308,199,198,197,153,152,151,150,149,148,147,146,145,61,58,56,55,52,51,50,49,48,47,46,41,40,39,38,37,36,35,33,32,31,30,-1,
523,522,495,463,447,446,445,444,443,417,377,376,355,325,306,305,304,307,308,200,144,131,129,199,198,197,153,152,151,150,149,148,147,146,145,61,58,56,55,52,51,50,49,48,47,46,41,40,39,38,37,36,35,33,32,31,30,-1,
523,522,495,463,447,446,445,444,443,417,377,376,355,325,306,305,304,307,308,239,238,237,199,198,197,153,152,151,150,149,148,147,146,145,61,58,56,55,52,51,50,49,48,47,46,41,40,39,38,37,36,35,33,32,31,30,-1,
523,522,495,478,447,446,445,444,443,401,377,376,361,360,359,325,307,308,199,198,197,153,152,151,150,149,148,147,146,145,61,58,56,55,52,51,50,49,48,47,46,41,40,39,38,37,36,35,33,32,31,30,-1,
523,522,495,478,447,446,445,444,443,401,377,376,361,360,359,200,144,131,129,325,307,308,199,198,197,153,152,151,150,149,148,147,146,145,61,58,56,55,52,51,50,49,48,47,46,41,40,39,38,37,36,35,33,32,31,30,-1,
523,522,495,478,447,446,445,444,443,401,377,376,361,360,359,239,238,237,325,307,308,199,198,197,153,152,151,150,149,148,147,146,145,61,58,56,55,52,51,50,49,48,47,46,41,40,39,38,37,36,35,33,32,31,30,-1,
523,522,495,377,376,325,305,307,308,283,239,238,237,200,144,131,129,212,199,198,197,136,153,152,151,150,149,148,147,146,145,124,105,87,86,76,61,58,56,55,52,51,50,49,48,47,46,43,42,41,40,39,38,37,36,35,33,32,31,30,-1,
523,522,495,377,376,325,307,308,286,196,143,135,107,106,84,83,75,59,239,238,237,200,144,131,129,199,198,197,153,152,151,150,149,148,147,146,145,61,58,56,55,52,51,50,49,48,47,46,41,40,39,38,37,36,35,33,32,31,30,-1,
523,522,495,397,377,376,316,261,170,138,57,332,332,332,314,314,314,276,276,276,228,228,228,239,238,237,200,144,131,131,131,129,325,307,308,199,198,197,153,152,151,150,149,148,147,146,145,61,58,56,55,52,51,50,49,48,47,46,41,40,39,38,37,36,35,33,32,31,30,-1,
523,522,495,447,446,445,444,443,377,376,358,357,336,335,334,325,307,308,199,198,197,153,152,151,150,149,148,147,146,145,61,58,56,55,52,51,50,49,48,47,46,41,40,39,38,37,36,35,33,32,31,30,-1,
523,522,495,447,446,445,444,443,377,376,358,357,336,335,334,200,144,131,129,325,307,308,199,198,197,153,152,151,150,149,148,147,146,145,61,58,56,55,52,51,50,49,48,47,46,41,40,39,38,37,36,35,33,32,31,30,-1,
523,522,495,447,446,445,444,443,377,376,358,357,336,335,334,239,238,237,325,307,308,199,198,197,153,152,151,150,149,148,147,146,145,61,58,56,55,52,51,50,49,48,47,46,41,40,39,38,37,36,35,33,32,31,30,-1,
523,522,495,377,376,302,230,229,228,228,228,228,325,307,308,199,198,197,153,152,151,150,149,148,147,146,145,61,58,56,55,52,51,50,49,48,47,46,41,40,39,38,37,36,35,33,32,31,30,-1,
523,522,495,331,330,332,332,332,332,377,376,325,307,308,199,198,197,153,152,151,150,149,148,147,146,145,61,58,56,55,52,51,50,49,48,47,46,41,40,39,38,37,36,35,33,32,31,30,-1,
523,522,495,494,438,354,275,274,276,276,276,276,377,376,325,307,308,199,198,197,153,152,151,150,149,148,147,146,145,61,58,56,55,52,51,50,49,48,47,46,41,40,39,38,37,36,35,33,32,31,30,-1,
523,522,495,520,435,240,43,71,84,76,137,196,259,306,401,377,376,325,307,308,199,198,197,153,152,151,150,149,148,147,146,145,61,58,56,55,52,51,50,49,48,47,46,41,40,39,38,37,36,35,33,32,31,30,-1,
523,522,495,520,484,240,43,71,84,76,137,196,259,306,401,377,376,325,307,308,199,198,197,153,152,151,150,149,148,147,146,145,61,58,56,55,52,51,50,49,48,47,46,41,40,39,38,37,36,35,33,32,31,30,-1,
523,522,495,377,376,338,334,331,316,305,283,261,242,240,230,203,106,85,59,228,228,228,228,228,325,307,308,199,198,197,153,152,151,150,149,148,147,146,145,61,58,56,55,52,51,50,49,48,47,46,41,40,39,38,37,36,35,33,32,31,30,-1,
523,522,495,377,376,351,336,330,322,310,306,286,257,229,196,171,87,71,42,332,332,332,332,332,325,307,308,199,198,197,153,152,151,150,149,148,147,146,145,61,58,56,55,52,51,50,49,48,47,46,41,40,39,38,37,36,35,33,32,31,30,-1,
523,522,495,330,286,335,401,355,439,226,136,396,351,72,57,436,332,332,332,332,332,377,376,325,307,308,199,198,197,153,152,151,150,149,148,147,146,145,61,58,56,55,52,51,50,49,48,47,46,41,40,39,38,37,36,35,33,32,31,30,-1,
523,522,495,438,397,357,361,417,271,431,134,86,159,73,427,170,276,276,276,276,276,377,376,325,307,308,199,198,197,153,152,151,150,149,148,147,146,145,61,58,56,55,52,51,50,49,48,47,46,41,40,39,38,37,36,35,33,32,31,30,-1,
523,522,495,314,314,314,314,314,455,450,493,170,42,496,83,159,134,212,439,355,361,336,283,310,377,376,325,307,308,199,198,197,153,152,151,150,149,148,147,146,145,61,58,56,55,52,51,50,49,48,47,46,41,40,39,38,37,36,35,33,32,31,30,-1,
523,522,495,276,276,276,276,276,449,481,463,34,427,72,177,502,203,431,272,305,359,334,397,494,377,376,325,307,308,199,198,197,153,152,151,150,149,148,147,146,145,61,58,56,55,52,51,50,49,48,47,46,41,40,39,38,37,36,35,33,32,31,30,-1,
523,522,495,332,332,332,332,332,448,451,478,461,436,57,338,505,351,136,194,271,417,360,335,286,331,377,376,325,307,308,199,198,197,153,152,151,150,149,148,147,146,145,61,58,56,55,52,51,50,49,48,47,46,41,40,39,38,37,36,35,33,32,31,30,-1,
523,522,495,519,505,502,496,439,436,431,427,417,401,396,380,377,376,361,360,359,355,351,338,325,322,318,316,306,305,304,307,308,272,271,269,34,42,43,44,57,59,71,72,73,75,76,83,84,85,86,87,105,106,107,124,125,134,135,136,137,138,143,158,159,168,169,170,171,177,194,195,196,203,212,226,261,240,257,258,259,199,198,197,153,152,151,150,149,148,147,146,145,61,58,56,55,52,51,50,49,48,47,46,41,40,39,38,37,36,35,33,32,31,30,-1,
523,522,495,519,505,502,496,441,439,436,431,427,417,401,396,378,377,376,361,360,359,355,351,338,333,325,322,316,306,305,304,307,308,272,271,34,42,43,44,57,59,71,72,73,75,76,83,84,85,86,87,105,106,107,124,125,134,135,136,137,138,143,158,159,168,169,170,171,177,194,195,196,203,212,226,261,240,257,258,259,199,198,197,153,152,151,150,149,148,147,146,145,61,58,56,55,52,51,50,49,48,47,46,41,40,39,38,37,36,35,33,32,31,30,-1,
519,505,502,496,441,439,436,431,427,417,401,397,396,380,378,361,360,359,355,351,338,333,322,318,316,306,305,304,286,283,269,34,168,169,170,171,240,42,43,44,57,59,143,71,72,73,124,125,158,75,76,105,106,107,159,83,84,85,86,87,177,134,135,136,137,138,203,194,195,196,212,226,261,257,258,259,271,272,-1,
526,310,243,242,241,523,522,495,377,376,325,307,308,199,198,197,153,152,151,150,149,148,147,146,145,61,58,56,55,52,51,50,49,48,47,46,41,40,39,38,37,36,35,33,32,31,30,-1,
170,427,496,505,351,136,212,271,306,361,286,438,455,449,451,493,478,314,314,314,314,314,523,522,495,377,376,325,307,308,199,198,197,153,152,151,150,149,148,147,146,145,61,58,56,55,52,51,50,49,48,47,46,41,40,39,38,37,36,35,33,32,31,30,-1,
34,43,158,86,502,322,196,258,417,360,397,494,448,450,481,463,461,314,314,314,314,314,523,522,495,377,376,325,307,308,199,198,197,153,152,151,150,149,148,147,146,145,61,58,56,55,52,51,50,49,48,47,46,41,40,39,38,37,36,35,33,32,31,30,-1,
525,523,522,495,451,447,446,445,444,443,377,376,322,325,307,308,203,199,198,197,153,152,151,150,149,148,147,146,145,138,137,136,135,134,61,58,56,55,52,51,50,49,48,47,46,41,40,39,38,37,36,35,33,32,31,30,-1,
525,523,522,495,451,447,446,445,444,443,377,376,322,325,307,308,203,200,199,198,197,153,152,151,150,149,148,147,146,145,144,138,137,136,135,134,131,129,61,58,56,55,52,51,50,49,48,47,46,41,40,39,38,37,36,35,33,32,31,30,-1,
525,523,522,495,451,447,446,445,444,443,377,376,322,325,307,308,239,238,237,203,199,198,197,153,152,151,150,149,148,147,146,145,138,137,136,135,134,61,58,56,55,52,51,50,49,48,47,46,41,40,39,38,37,36,35,33,32,31,30,-1,
525,523,522,495,519,505,502,496,439,436,431,427,417,401,396,380,377,376,361,360,359,355,351,338,325,322,318,316,306,305,304,307,308,272,271,269,34,42,43,44,57,59,71,72,73,75,76,83,84,85,86,87,105,106,107,124,125,134,135,136,137,138,143,158,159,168,169,170,171,177,194,195,196,203,212,226,261,240,257,258,259,199,198,197,153,152,151,150,149,148,147,146,145,61,58,56,55,52,51,50,49,48,47,46,41,40,39,38,37,36,35,33,32,31,30,-1,
525,523,522,495,519,505,502,496,441,439,436,431,427,417,401,396,378,377,376,361,360,359,355,351,338,333,325,322,316,306,305,304,307,308,272,271,34,42,43,44,57,59,71,72,73,75,76,83,84,85,86,87,105,106,107,124,125,134,135,136,137,138,143,158,159,168,169,170,171,177,194,195,196,203,212,226,261,240,257,258,259,199,198,197,153,152,151,150,149,148,147,146,145,61,58,56,55,52,51,50,49,48,47,46,41,40,39,38,37,36,35,33,32,31,30,-1,
525,519,505,502,496,441,439,436,431,427,417,401,397,396,380,378,361,360,359,355,351,338,333,322,318,316,306,305,304,286,283,269,34,168,169,170,171,240,42,43,44,57,59,143,71,72,73,124,125,158,75,76,105,106,107,159,83,84,85,86,87,177,134,135,136,137,138,203,194,195,196,212,226,261,257,258,259,271,272,-1,
520,484,435,525,523,522,495,519,505,502,496,439,436,431,427,417,401,396,380,377,376,361,360,359,355,351,338,325,322,318,316,306,305,304,307,308,272,271,269,34,42,43,44,57,59,71,72,73,75,76,83,84,85,86,87,105,106,107,124,125,134,135,136,137,138,143,158,159,168,169,170,171,177,194,195,196,203,212,226,261,240,257,258,259,199,198,197,153,152,151,150,149,148,147,146,145,61,58,56,55,52,51,50,49,48,47,46,41,40,39,38,37,36,35,33,32,31,30,-1,
530,486,485,337,161,160,64,65,66,67,68,-1,
529,525,523,522,495,519,505,502,496,439,436,431,427,417,401,396,380,377,376,361,360,359,355,351,338,325,322,318,316,306,305,304,307,308,272,271,269,34,42,43,44,57,59,71,72,73,75,76,83,84,85,86,87,105,106,107,124,125,134,135,136,137,138,143,158,159,168,169,170,171,177,194,195,196,203,212,226,261,240,257,258,259,199,198,197,153,152,151,150,149,148,147,146,145,61,58,56,55,52,51,50,49,48,47,46,41,40,39,38,37,36,35,33,32,31,30,-1,
529,525,519,505,502,496,441,439,436,431,427,417,401,397,396,380,378,361,360,359,355,351,338,333,322,318,316,306,305,304,286,283,269,34,168,169,170,171,240,42,43,44,57,59,143,71,72,73,124,125,158,75,76,105,106,107,159,83,84,85,86,87,177,134,135,136,137,138,203,194,195,196,212,226,261,257,258,259,271,272,-1,
174,173,495,522,523,377,376,325,307,308,200,199,198,197,153,152,151,150,149,148,147,146,145,144,131,129,61,58,56,55,52,51,50,49,48,47,46,41,40,39,38,37,36,35,33,32,31,30,-1,
174,173,495,522,523,377,376,325,307,308,239,238,237,199,198,197,153,152,151,150,149,148,147,146,145,61,58,56,55,52,51,50,49,48,47,46,41,40,39,38,37,36,35,33,32,31,30,-1,
533,523,522,495,481,447,446,445,444,443,431,377,376,325,307,308,261,226,212,199,198,197,196,195,194,153,152,151,150,149,148,147,146,145,61,58,56,55,52,51,50,49,48,47,46,41,40,39,38,37,36,35,33,32,31,30,-1,
533,523,522,495,481,447,446,445,444,443,431,377,376,325,307,308,261,226,212,200,199,198,197,196,195,194,153,152,151,150,149,148,147,146,145,144,131,129,61,58,56,55,52,51,50,49,48,47,46,41,40,39,38,37,36,35,33,32,31,30,-1,
533,523,522,495,481,447,446,445,444,443,431,377,376,325,307,308,261,239,238,237,226,212,199,198,197,196,195,194,153,152,151,150,149,148,147,146,145,61,58,56,55,52,51,50,49,48,47,46,41,40,39,38,37,36,35,33,32,31,30,-1,
533,529,525,523,522,495,519,505,502,496,439,436,431,427,417,401,396,380,377,376,361,360,359,355,351,338,325,322,318,316,306,305,304,307,308,272,271,269,34,42,43,44,57,59,71,72,73,75,76,83,84,85,86,87,105,106,107,124,125,134,135,136,137,138,143,158,159,168,169,170,171,177,194,195,196,203,212,226,261,240,257,258,259,199,198,197,153,152,151,150,149,148,147,146,145,61,58,56,55,52,51,50,49,48,47,46,41,40,39,38,37,36,35,33,32,31,30,-1,
533,525,523,522,495,519,505,502,496,441,439,436,431,427,417,401,396,378,377,376,361,360,359,355,351,338,333,325,322,316,306,305,304,307,308,272,271,34,42,43,44,57,59,71,72,73,75,76,83,84,85,86,87,105,106,107,124,125,134,135,136,137,138,143,158,159,168,169,170,171,177,194,195,196,203,212,226,261,240,257,258,259,199,198,197,153,152,151,150,149,148,147,146,145,61,58,56,55,52,51,50,49,48,47,46,41,40,39,38,37,36,35,33,32,31,30,-1,
533,529,525,519,505,502,496,441,439,436,431,427,417,401,397,396,380,378,361,360,359,355,351,338,333,322,318,316,306,305,304,286,283,269,34,168,169,170,171,240,42,43,44,57,59,143,71,72,73,124,125,158,75,76,105,106,107,159,83,84,85,86,87,177,134,135,136,137,138,203,194,195,196,212,226,261,257,258,259,271,272,-1,
529,380,318,269,525,523,522,495,519,505,502,496,441,439,436,431,427,417,401,396,378,377,376,361,360,359,355,351,338,333,325,322,316,306,305,304,307,308,272,271,34,42,43,44,57,59,71,72,73,75,76,83,84,85,86,87,105,106,107,124,125,134,135,136,137,138,143,158,159,168,169,170,171,177,194,195,196,203,212,226,261,240,257,258,259,199,198,197,153,152,151,150,149,148,147,146,145,61,58,56,55,52,51,50,49,48,47,46,41,40,39,38,37,36,35,33,32,31,30,-1,
535,536,537,523,522,495,377,376,325,307,308,199,198,197,153,152,151,150,149,148,147,146,145,61,58,56,55,52,51,50,49,48,47,46,41,40,39,38,37,36,35,33,32,31,30,-1,
174,173,173,173,173,173,173,200,144,131,129,523,522,495,377,376,325,307,308,199,198,197,153,152,151,150,149,148,147,146,145,61,58,56,55,52,51,50,49,48,47,46,41,40,39,38,37,36,35,33,32,31,30,-1,
174,173,173,173,173,173,173,239,238,237,523,522,495,377,376,325,307,308,199,198,197,153,152,151,150,149,148,147,146,145,61,58,56,55,52,51,50,49,48,47,46,41,40,39,38,37,36,35,33,32,31,30,-1,
534,523,522,495,493,447,446,445,444,443,439,377,376,325,316,272,271,259,258,257,307,308,199,198,197,153,152,151,150,149,148,147,146,145,61,58,56,55,52,51,50,49,48,47,46,41,40,39,38,37,36,35,33,32,31,30,-1,
534,523,522,495,493,447,446,445,444,443,439,377,376,325,316,272,271,259,258,257,307,308,200,144,131,129,199,198,197,153,152,151,150,149,148,147,146,145,61,58,56,55,52,51,50,49,48,47,46,41,40,39,38,37,36,35,33,32,31,30,-1,
534,523,522,495,493,447,446,445,444,443,439,377,376,325,316,272,271,259,258,257,307,308,239,238,237,199,198,197,153,152,151,150,149,148,147,146,145,61,58,56,55,52,51,50,49,48,47,46,41,40,39,38,37,36,35,33,32,31,30,-1,
534,533,529,525,523,522,495,519,505,502,496,439,436,431,427,417,401,396,380,377,376,361,360,359,355,351,338,325,322,318,316,306,305,304,307,308,272,271,269,34,42,43,44,57,59,71,72,73,75,76,83,84,85,86,87,105,106,107,124,125,134,135,136,137,138,143,158,159,168,169,170,171,177,194,195,196,203,212,226,261,240,257,258,259,199,198,197,153,152,151,150,149,148,147,146,145,61,58,56,55,52,51,50,49,48,47,46,41,40,39,38,37,36,35,33,32,31,30,-1,
534,533,525,523,522,495,519,505,502,496,441,439,436,431,427,417,401,396,378,377,376,361,360,359,355,351,338,333,325,322,316,306,305,304,307,308,272,271,34,42,43,44,57,59,71,72,73,75,76,83,84,85,86,87,105,106,107,124,125,134,135,136,137,138,143,158,159,168,169,170,171,177,194,195,196,203,212,226,261,240,257,258,259,199,198,197,153,152,151,150,149,148,147,146,145,61,58,56,55,52,51,50,49,48,47,46,41,40,39,38,37,36,35,33,32,31,30,-1,
523,522,495,331,330,332,377,376,325,307,308,199,198,197,153,152,151,150,149,148,147,146,145,61,58,56,55,52,51,50,49,48,47,46,41,40,39,38,37,36,35,33,32,31,30,-1,
534,533,529,380,318,269,525,523,522,495,519,505,502,496,441,439,436,431,427,417,401,396,378,377,376,361,360,359,355,351,338,333,325,322,316,306,305,304,307,308,272,271,34,42,43,44,57,59,71,72,73,75,76,83,84,85,86,87,105,106,107,124,125,134,135,136,137,138,143,158,159,168,169,170,171,177,194,195,196,203,212,226,261,240,257,258,259,199,198,197,153,152,151,150,149,148,147,146,145,61,58,56,55,52,51,50,49,48,47,46,41,40,39,38,37,36,35,33,32,31,30,-1,
534,533,529,525,519,505,502,496,441,439,436,431,427,417,401,397,396,380,378,361,360,359,355,351,338,333,322,318,316,306,305,304,286,283,269,34,168,169,170,171,240,42,43,44,57,59,143,71,72,73,124,125,158,75,76,105,106,107,159,83,84,85,86,87,177,134,135,136,137,138,203,194,195,196,212,226,261,257,258,259,271,272,-1,
523,522,495,482,341,270,180,429,429,429,429,429,429,428,428,428,428,428,428,428,428,428,428,377,376,325,307,308,199,198,197,153,152,151,150,149,148,147,146,145,61,58,56,55,52,51,50,49,48,47,46,41,40,39,38,37,36,35,33,32,31,30,-1,
544,523,522,495,447,446,445,444,443,377,376,358,357,336,335,334,325,307,308,199,198,197,153,152,151,150,149,148,147,146,145,61,58,56,55,52,51,50,49,48,47,46,41,40,39,38,37,36,35,33,32,31,30,-1,
544,523,522,495,447,446,445,444,443,377,376,358,357,336,335,334,200,144,131,129,325,307,308,199,198,197,153,152,151,150,149,148,147,146,145,61,58,56,55,52,51,50,49,48,47,46,41,40,39,38,37,36,35,33,32,31,30,-1,
544,523,522,495,447,446,445,444,443,377,376,358,357,336,335,334,239,238,237,325,307,308,199,198,197,153,152,151,150,149,148,147,146,145,61,58,56,55,52,51,50,49,48,47,46,41,40,39,38,37,36,35,33,32,31,30,-1,
543,534,533,525,523,522,495,519,505,502,496,441,439,436,431,427,417,401,396,378,377,376,361,360,359,355,351,338,333,325,322,316,306,305,304,307,308,272,271,34,42,43,44,57,59,71,72,73,75,76,83,84,85,86,87,105,106,107,124,125,134,135,136,137,138,143,158,159,168,169,170,171,177,194,195,196,203,212,226,261,240,257,258,259,199,198,197,153,152,151,150,149,148,147,146,145,61,58,56,55,52,51,50,49,48,47,46,41,40,39,38,37,36,35,33,32,31,30,-1,
543,534,533,529,525,519,505,502,496,441,439,436,431,427,417,401,397,396,380,378,361,360,359,355,351,338,333,322,318,316,306,305,304,286,283,269,34,168,169,170,171,240,42,43,44,57,59,143,71,72,73,124,125,158,75,76,105,106,107,159,83,84,85,86,87,177,134,135,136,137,138,203,194,195,196,212,226,261,257,258,259,271,272,-1,
523,522,495,482,341,270,180,429,428,377,376,325,307,308,199,198,197,153,152,151,150,149,148,147,146,145,61,58,56,55,52,51,50,49,48,47,46,41,40,39,38,37,36,35,33,32,31,30,-1,
543,534,533,529,380,318,269,525,523,522,495,519,505,502,496,441,439,436,431,427,417,401,396,378,377,376,361,360,359,355,351,338,333,325,322,316,306,305,304,307,308,272,271,34,42,43,44,57,59,71,72,73,75,76,83,84,85,86,87,105,106,107,124,125,134,135,136,137,138,143,158,159,168,169,170,171,177,194,195,196,203,212,226,261,240,257,258,259,199,198,197,153,152,151,150,149,148,147,146,145,61,58,56,55,52,51,50,49,48,47,46,41,40,39,38,37,36,35,33,32,31,30,-1,
523,522,495,488,487,491,490,489,416,415,414,413,412,411,410,409,408,408,408,408,407,407,407,407,406,406,406,406,377,376,325,307,308,199,198,197,153,152,151,150,149,148,147,146,145,61,58,56,55,52,51,50,49,48,47,46,41,40,39,38,37,36,35,33,32,31,30,-1,
552,552,552,551,550,549,548,547,491,490,489,411,410,409,408,408,408,407,407,407,406,406,406,523,522,495,377,376,325,307,308,199,198,197,153,152,151,150,149,148,147,146,145,61,58,56,55,52,51,50,49,48,47,46,41,40,39,38,37,36,35,33,32,31,30,-1,
523,522,495,488,487,491,490,489,416,415,414,413,412,411,410,409,408,407,406,377,376,325,307,308,199,198,197,153,152,151,150,149,148,147,146,145,61,58,56,55,52,51,50,49,48,47,46,41,40,39,38,37,36,35,33,32,31,30,-1,
552,551,550,549,548,547,491,490,489,411,410,409,408,407,406,523,522,495,377,376,325,307,308,199,198,197,153,152,151,150,149,148,147,146,145,61,58,56,55,52,51,50,49,48,47,46,41,40,39,38,37,36,35,33,32,31,30,-1,
546,523,522,495,461,447,446,445,444,443,436,377,376,325,307,308,240,199,198,197,171,170,169,168,153,152,151,150,149,148,147,146,145,61,58,56,55,52,51,50,49,48,47,46,41,40,39,38,37,36,35,34,33,32,31,30,-1,
546,523,522,495,461,447,446,445,444,443,436,377,376,325,307,308,240,200,199,198,197,171,170,169,168,153,152,151,150,149,148,147,146,145,144,131,129,61,58,56,55,52,51,50,49,48,47,46,41,40,39,38,37,36,35,34,33,32,31,30,-1,
546,523,522,495,461,447,446,445,444,443,436,377,376,325,307,308,240,239,238,237,199,198,197,171,170,169,168,153,152,151,150,149,148,147,146,145,61,58,56,55,52,51,50,49,48,47,46,41,40,39,38,37,36,35,34,33,32,31,30,-1,
546,534,533,529,525,523,522,495,519,505,502,496,439,436,431,427,417,401,396,380,377,376,361,360,359,355,351,338,325,322,318,316,306,305,304,307,308,272,271,269,34,42,43,44,57,59,71,72,73,75,76,83,84,85,86,87,105,106,107,124,125,134,135,136,137,138,143,158,159,168,169,170,171,177,194,195,196,203,212,226,261,240,257,258,259,199,198,197,153,152,151,150,149,148,147,146,145,61,58,56,55,52,51,50,49,48,47,46,41,40,39,38,37,36,35,33,32,31,30,-1,
546,543,534,533,525,523,522,495,519,505,502,496,441,439,436,431,427,417,401,396,378,377,376,361,360,359,355,351,338,333,325,322,316,306,305,304,307,308,272,271,34,42,43,44,57,59,71,72,73,75,76,83,84,85,86,87,105,106,107,124,125,134,135,136,137,138,143,158,159,168,169,170,171,177,194,195,196,203,212,226,261,240,257,258,259,199,198,197,153,152,151,150,149,148,147,146,145,61,58,56,55,52,51,50,49,48,47,46,41,40,39,38,37,36,35,33,32,31,30,-1,
546,543,534,533,529,525,519,505,502,496,441,439,436,431,427,417,401,397,396,380,378,361,360,359,355,351,338,333,322,318,316,306,305,304,286,283,269,34,168,169,170,171,240,42,43,44,57,59,143,71,72,73,124,125,158,75,76,105,106,107,159,83,84,85,86,87,177,134,135,136,137,138,203,194,195,196,212,226,261,257,258,259,271,272,-1,
559,519,436,258,240,194,72,43,239,238,237,200,144,131,129,30,31,32,33,35,36,39,40,61,150,151,152,153,199,307,377,522,37,38,41,46,47,48,49,50,51,52,55,56,58,145,146,147,148,149,197,198,308,325,376,495,523,-1,
556,556,556,555,472,472,472,471,470,469,468,467,466,523,522,495,377,376,325,307,308,199,198,197,153,152,151,150,149,148,147,146,145,61,58,56,55,52,51,50,49,48,47,46,41,40,39,38,37,36,35,33,32,31,30,-1,
559,546,543,534,533,529,525,519,505,502,496,441,439,436,431,427,417,401,397,396,380,378,361,360,359,355,351,338,333,322,318,316,306,305,304,286,283,269,34,168,169,170,171,240,42,43,44,57,59,143,71,72,73,124,125,158,75,76,105,106,107,159,83,84,85,86,87,177,134,135,136,137,138,203,194,195,196,212,226,261,257,258,259,271,272,-1,
523,522,495,534,519,505,435,431,359,357,304,240,159,137,124,520,377,376,325,307,308,199,198,197,153,152,151,150,149,148,147,146,145,61,58,56,55,52,51,50,49,48,47,46,41,40,39,38,37,36,35,33,32,31,30,-1,
523,522,495,533,525,484,439,436,401,396,355,338,335,107,57,520,377,376,325,307,308,199,198,197,153,152,151,150,149,148,147,146,145,61,58,56,55,52,51,50,49,48,47,46,41,40,39,38,37,36,35,33,32,31,30,-1,
502,494,481,463,461,450,448,417,360,358,322,286,276,257,196,158,86,43,34,30,31,32,33,35,36,39,40,61,150,151,152,153,199,307,377,522,37,38,41,46,47,48,49,50,51,52,55,56,58,145,146,147,148,149,197,198,308,325,376,495,523,-1,
496,493,478,455,451,449,438,427,397,361,351,334,332,306,271,212,177,170,136,30,31,32,33,35,36,39,40,61,150,151,152,153,199,307,377,522,37,38,41,46,47,48,49,50,51,52,55,56,58,145,146,147,148,149,197,198,308,325,376,495,523,-1,
502,494,481,463,461,450,448,417,360,358,322,286,276,257,196,158,86,43,34,30,31,32,33,35,36,39,40,61,150,151,152,153,199,307,377,522,37,38,41,46,47,48,49,50,51,52,55,56,58,145,146,147,148,149,197,198,308,325,376,495,523,-1,
496,493,478,455,451,449,438,427,397,361,351,334,332,306,271,212,177,170,136,30,31,32,33,35,36,39,40,61,150,151,152,153,199,307,377,522,37,38,41,46,47,48,49,50,51,52,55,56,58,145,146,147,148,149,197,198,308,325,376,495,523,-1,
562,562,562,562,562,562,562,562,562,562,561,561,561,561,561,561,560,535,536,537,523,522,495,377,376,325,307,308,199,198,197,153,152,151,150,149,148,147,146,145,61,58,56,55,52,51,50,49,48,47,46,41,40,39,38,37,36,35,33,32,31,30,-1,
566,566,566,565,565,565,564,563,523,522,495,494,438,354,275,274,276,276,276,377,376,325,307,308,199,198,197,153,152,151,150,149,148,147,146,145,61,58,56,55,52,51,50,49,48,47,46,41,40,39,38,37,36,35,33,32,31,30,-1,
566,565,564,563,523,522,495,494,438,354,275,274,276,377,376,325,307,308,199,198,197,153,152,151,150,149,148,147,146,145,61,58,56,55,52,51,50,49,48,47,46,41,40,39,38,37,36,35,33,32,31,30,-1,
562,561,560,535,536,537,523,522,495,377,376,325,307,308,199,198,197,153,152,151,150,149,148,147,146,145,61,58,56,55,52,51,50,49,48,47,46,41,40,39,38,37,36,35,33,32,31,30,-1,
546,543,534,533,529,380,318,269,525,523,522,495,519,505,502,496,441,439,436,431,427,417,401,396,378,377,376,361,360,359,355,351,338,333,325,322,316,306,305,304,307,308,272,271,34,42,43,44,57,59,71,72,73,75,76,83,84,85,86,87,105,106,107,124,125,134,135,136,137,138,143,158,159,168,169,170,171,177,194,195,196,203,212,226,261,240,257,258,259,199,198,197,153,152,151,150,149,148,147,146,145,61,58,56,55,52,51,50,49,48,47,46,41,40,39,38,37,36,35,33,32,31,30,-1,
556,555,472,471,470,469,468,467,466,523,522,495,377,376,325,307,308,199,198,197,153,152,151,150,149,148,147,146,145,61,58,56,55,52,51,50,49,48,47,46,41,40,39,38,37,36,35,33,32,31,30,-1,
569,523,522,495,478,447,446,445,444,443,401,377,376,361,360,359,325,307,308,199,198,197,153,152,151,150,149,148,147,146,145,61,58,56,55,52,51,50,49,48,47,46,41,40,39,38,37,36,35,33,32,31,30,-1,
569,523,522,495,478,447,446,445,444,443,401,377,376,361,360,359,200,144,131,129,325,307,308,199,198,197,153,152,151,150,149,148,147,146,145,61,58,56,55,52,51,50,49,48,47,46,41,40,39,38,37,36,35,33,32,31,30,-1,
569,523,522,495,478,447,446,445,444,443,401,377,376,361,360,359,239,238,237,325,307,308,199,198,197,153,152,151,150,149,148,147,146,145,61,58,56,55,52,51,50,49,48,47,46,41,40,39,38,37,36,35,33,32,31,30,-1,
569,546,534,533,529,525,523,522,495,519,505,502,496,439,436,431,427,417,401,396,380,377,376,361,360,359,355,351,338,325,322,318,316,306,305,304,307,308,272,271,269,34,42,43,44,57,59,71,72,73,75,76,83,84,85,86,87,105,106,107,124,125,134,135,136,137,138,143,158,159,168,169,170,171,177,194,195,196,203,212,226,261,240,257,258,259,199,198,197,153,152,151,150,149,148,147,146,145,61,58,56,55,52,51,50,49,48,47,46,41,40,39,38,37,36,35,33,32,31,30,-1,
569,546,543,534,533,525,523,522,495,519,505,502,496,441,439,436,431,427,417,401,396,378,377,376,361,360,359,355,351,338,333,325,322,316,306,305,304,307,308,272,271,34,42,43,44,57,59,71,72,73,75,76,83,84,85,86,87,105,106,107,124,125,134,135,136,137,138,143,158,159,168,169,170,171,177,194,195,196,203,212,226,261,240,257,258,259,199,198,197,153,152,151,150,149,148,147,146,145,61,58,56,55,52,51,50,49,48,47,46,41,40,39,38,37,36,35,33,32,31,30,-1,
569,559,546,543,534,533,529,525,519,505,502,496,441,439,436,431,427,417,401,397,396,380,378,361,360,359,355,351,338,333,322,318,316,306,305,304,286,283,269,34,168,169,170,171,240,42,43,44,57,59,143,71,72,73,124,125,158,75,76,105,106,107,159,83,84,85,86,87,177,134,135,136,137,138,203,194,195,196,212,226,261,257,258,259,271,272,-1,
570,523,522,495,377,376,302,230,229,228,228,228,228,325,307,308,199,198,197,153,152,151,150,149,148,147,146,145,61,58,56,55,52,51,50,49,48,47,46,41,40,39,38,37,36,35,33,32,31,30,-1,
570,523,522,495,377,376,302,230,229,228,325,307,308,199,198,197,153,152,151,150,149,148,147,146,145,61,58,56,55,52,51,50,49,48,47,46,41,40,39,38,37,36,35,33,32,31,30,-1,
327,523,522,495,326,377,376,325,307,308,199,198,197,153,152,151,150,149,148,147,146,145,61,58,56,55,52,51,50,49,48,47,46,41,40,39,38,37,36,35,33,32,31,30,-1,
269,523,522,495,520,435,240,43,71,84,76,137,196,259,306,401,377,376,325,307,308,199,198,197,153,152,151,150,149,148,147,146,145,61,58,56,55,52,51,50,49,48,47,46,41,40,39,38,37,36,35,33,32,31,30,-1,
333,523,522,495,520,484,240,43,71,84,76,137,196,259,306,401,377,376,325,307,308,199,198,197,153,152,151,150,149,148,147,146,145,61,58,56,55,52,51,50,49,48,47,46,41,40,39,38,37,36,35,33,32,31,30,-1,
580,580,580,579,579,579,578,578,578,577,577,577,576,576,576,576,576,576,575,574,573,572,571,510,511,512,513,514,515,516,517,523,522,495,377,376,325,307,308,199,198,197,153,152,151,150,149,148,147,146,145,61,58,56,55,52,51,50,49,48,47,46,41,40,39,38,37,36,35,33,32,31,30,-1,
580,579,578,577,576,575,574,573,572,571,510,511,512,513,514,515,516,517,523,522,495,377,376,325,307,308,199,198,197,153,152,151,150,149,148,147,146,145,61,58,56,55,52,51,50,49,48,47,46,41,40,39,38,37,36,35,33,32,31,30,-1,
493,481,478,463,461,455,451,450,449,448,569,559,546,543,534,533,529,525,519,505,502,496,441,439,436,431,427,417,401,397,396,380,378,361,360,359,355,351,338,333,322,318,316,306,305,304,286,283,269,34,168,169,170,171,240,42,43,44,57,59,143,71,72,73,124,125,158,75,76,105,106,107,159,83,84,85,86,87,177,134,135,136,137,138,203,194,195,196,212,226,261,257,258,259,271,272,-1,
448,449,451,546,519,338,505,106,203,431,439,304,360,357,283,564,228,228,228,228,228,523,522,495,377,376,325,307,308,199,198,197,153,152,151,150,149,148,147,146,145,61,58,56,55,52,51,50,49,48,47,46,41,40,39,38,37,36,35,33,32,31,30,-1,
450,493,481,544,436,44,124,396,502,322,533,258,305,569,358,559,330,276,276,276,276,276,523,522,495,377,376,325,307,308,199,198,197,153,152,151,150,149,148,147,146,145,61,58,56,55,52,51,50,49,48,47,46,41,40,39,38,37,36,35,33,32,31,30,-1,
455,478,463,461,168,427,496,83,159,525,261,534,417,359,334,286,570,332,332,332,332,332,523,522,495,377,376,325,307,308,199,198,197,153,152,151,150,149,148,147,146,145,61,58,56,55,52,51,50,49,48,47,46,41,40,39,38,37,36,35,33,32,31,30,-1,
585,569,546,534,533,529,525,523,522,495,519,505,502,496,439,436,431,427,417,401,396,380,377,376,361,360,359,355,351,338,325,322,318,316,306,305,304,307,308,272,271,269,34,42,43,44,57,59,71,72,73,75,76,83,84,85,86,87,105,106,107,124,125,134,135,136,137,138,143,158,159,168,169,170,171,177,194,195,196,203,212,226,261,240,257,258,259,199,198,197,153,152,151,150,149,148,147,146,145,61,58,56,55,52,51,50,49,48,47,46,41,40,39,38,37,36,35,33,32,31,30,-1,
585,569,559,546,543,534,533,529,525,519,505,502,496,441,439,436,431,427,417,401,397,396,380,378,361,360,359,355,351,338,333,322,318,316,306,305,304,286,283,269,34,168,169,170,171,240,42,43,44,57,59,143,71,72,73,124,125,158,75,76,105,106,107,159,83,84,85,86,87,177,134,135,136,137,138,203,194,195,196,212,226,261,257,258,259,271,272,-1,
586,493,481,478,463,461,455,451,450,449,448,569,559,546,543,534,533,529,525,519,505,502,496,441,439,436,431,427,417,401,397,396,380,378,361,360,359,355,351,338,333,322,318,316,306,305,304,286,283,269,34,168,169,170,171,240,42,43,44,57,59,143,71,72,73,124,125,158,75,76,105,106,107,159,83,84,85,86,87,177,134,135,136,137,138,203,194,195,196,212,226,261,257,258,259,271,272,-1,
586,585,493,481,478,463,461,455,451,450,449,448,569,559,546,543,534,533,529,525,519,505,502,496,441,439,436,431,427,417,401,397,396,380,378,361,360,359,355,351,338,333,322,318,316,306,305,304,286,283,269,34,168,169,170,171,240,42,43,44,57,59,143,71,72,73,124,125,158,75,76,105,106,107,159,83,84,85,86,87,177,134,135,136,137,138,203,194,195,196,212,226,261,257,258,259,271,272,-1,
585,520,484,435,569,546,543,534,533,529,525,519,505,502,496,441,439,436,431,427,417,401,396,380,378,361,360,359,355,351,338,333,322,318,316,306,305,304,272,271,269,261,259,258,257,240,226,212,203,196,195,194,177,171,170,169,168,159,158,143,138,137,136,135,134,125,124,107,106,105,87,86,85,84,83,76,75,73,72,71,59,57,44,43,42,34,523,522,495,377,376,325,307,308,199,198,197,153,152,151,150,149,148,147,146,145,61,58,56,55,52,51,50,49,48,47,46,41,40,39,38,37,36,35,33,32,31,30,-1,
544,493,478,559,314,314,314,314,314,569,417,534,533,525,502,505,496,519,546,523,522,495,377,376,325,307,308,199,198,197,153,152,151,150,149,148,147,146,145,61,58,56,55,52,51,50,49,48,47,46,41,40,39,38,37,36,35,33,32,31,30,-1,
544,493,478,559,314,569,417,534,533,525,502,505,496,519,546,523,522,495,377,376,325,307,308,199,198,197,153,152,151,150,149,148,147,146,145,61,58,56,55,52,51,50,49,48,47,46,41,40,39,38,37,36,35,33,32,31,30,-1,
586,584,570,566,566,566,565,565,565,564,563,526,494,438,354,332,332,332,331,330,314,314,314,310,302,276,276,276,275,274,243,242,241,230,229,228,228,228,523,522,495,377,376,325,307,308,199,198,197,153,152,151,150,149,148,147,146,145,61,58,56,55,52,51,50,49,48,47,46,41,40,39,38,37,36,35,33,32,31,30,-1,
583,582,562,562,562,562,562,562,562,562,562,562,561,561,561,561,561,561,560,535,536,537,523,522,495,377,376,325,307,308,199,198,197,153,152,151,150,149,148,147,146,145,61,58,56,55,52,51,50,49,48,47,46,41,40,39,38,37,36,35,33,32,31,30,-1,
583,582,562,561,560,535,536,537,523,522,495,377,376,325,307,308,199,198,197,153,152,151,150,149,148,147,146,145,61,58,56,55,52,51,50,49,48,47,46,41,40,39,38,37,36,35,33,32,31,30,-1,
584,526,310,243,242,241,523,522,495,377,376,325,307,308,199,198,197,153,152,151,150,149,148,147,146,145,61,58,56,55,52,51,50,49,48,47,46,41,40,39,38,37,36,35,33,32,31,30,-1,
586,584,570,566,565,564,563,526,494,438,354,332,331,330,314,310,302,276,275,274,243,242,241,230,229,228,523,522,495,377,376,325,307,308,199,198,197,153,152,151,150,149,148,147,146,145,61,58,56,55,52,51,50,49,48,47,46,41,40,39,38,37,36,35,33,32,31,30,-1,
589,589,589,589,588,587,533,496,138,143,523,522,495,377,376,325,307,308,199,198,197,153,152,151,150,149,148,147,146,145,61,58,56,55,52,51,50,49,48,47,46,41,40,39,38,37,36,35,33,32,31,30,-1,
589,588,587,533,496,138,143,523,522,495,377,376,325,307,308,199,198,197,153,152,151,150,149,148,147,146,145,61,58,56,55,52,51,50,49,48,47,46,41,40,39,38,37,36,35,33,32,31,30,-1,
552,552,552,523,522,495,488,487,491,490,489,416,415,414,413,412,411,410,409,408,408,408,407,407,407,406,406,406,377,376,325,307,308,199,198,197,153,152,151,150,149,148,147,146,145,61,58,56,55,52,51,50,49,48,47,46,41,40,39,38,37,36,35,33,32,31,30,-1,
552,523,522,495,488,487,491,490,489,416,415,414,413,412,411,410,409,408,407,406,377,376,325,307,308,199,198,197,153,152,151,150,149,148,147,146,145,61,58,56,55,52,51,50,49,48,47,46,41,40,39,38,37,36,35,33,32,31,30,-1,
585,569,546,543,534,533,529,525,519,505,502,496,441,439,436,431,427,417,401,396,380,378,361,360,359,355,351,338,333,322,318,316,306,305,304,272,271,269,261,259,258,257,240,226,212,203,196,195,194,177,171,170,169,168,159,158,143,138,137,136,135,134,125,124,107,106,105,87,86,85,84,83,76,75,73,72,71,59,57,44,43,42,34,523,522,495,377,376,325,307,308,199,198,197,153,152,151,150,149,148,147,146,145,61,58,56,55,52,51,50,49,48,47,46,41,40,39,38,37,36,35,33,32,31,30,-1,
594,523,522,495,463,447,446,445,444,443,417,377,376,355,325,306,305,304,307,308,199,198,197,153,152,151,150,149,148,147,146,145,61,58,56,55,52,51,50,49,48,47,46,41,40,39,38,37,36,35,33,32,31,30,-1,
594,523,522,495,463,447,446,445,444,443,417,377,376,355,325,306,305,304,307,308,200,144,131,129,199,198,197,153,152,151,150,149,148,147,146,145,61,58,56,55,52,51,50,49,48,47,46,41,40,39,38,37,36,35,33,32,31,30,-1,
594,523,522,495,463,447,446,445,444,443,417,377,376,355,325,306,305,304,307,308,239,238,237,199,198,197,153,152,151,150,149,148,147,146,145,61,58,56,55,52,51,50,49,48,47,46,41,40,39,38,37,36,35,33,32,31,30,-1,
594,585,569,546,534,533,529,525,523,522,495,519,505,502,496,439,436,431,427,417,401,396,380,377,376,361,360,359,355,351,338,325,322,318,316,306,305,304,307,308,272,271,269,34,42,43,44,57,59,71,72,73,75,76,83,84,85,86,87,105,106,107,124,125,134,135,136,137,138,143,158,159,168,169,170,171,177,194,195,196,203,212,226,261,240,257,258,259,199,198,197,153,152,151,150,149,148,147,146,145,61,58,56,55,52,51,50,49,48,47,46,41,40,39,38,37,36,35,33,32,31,30,-1,
594,569,546,543,534,533,525,523,522,495,519,505,502,496,441,439,436,431,427,417,401,396,378,377,376,361,360,359,355,351,338,333,325,322,316,306,305,304,307,308,272,271,34,42,43,44,57,59,71,72,73,75,76,83,84,85,86,87,105,106,107,124,125,134,135,136,137,138,143,158,159,168,169,170,171,177,194,195,196,203,212,226,261,240,257,258,259,199,198,197,153,152,151,150,149,148,147,146,145,61,58,56,55,52,51,50,49,48,47,46,41,40,39,38,37,36,35,33,32,31,30,-1,
594,585,569,559,546,543,534,533,529,525,519,505,502,496,441,439,436,431,427,417,401,397,396,380,378,361,360,359,355,351,338,333,322,318,316,306,305,304,286,283,269,34,168,169,170,171,240,42,43,44,57,59,143,71,72,73,124,125,158,75,76,105,106,107,159,83,84,85,86,87,177,134,135,136,137,138,203,194,195,196,212,226,261,257,258,259,271,272,-1,
594,586,585,493,481,478,463,461,455,451,450,449,448,569,559,546,543,534,533,529,525,519,505,502,496,441,439,436,431,427,417,401,397,396,380,378,361,360,359,355,351,338,333,322,318,316,306,305,304,286,283,269,34,168,169,170,171,240,42,43,44,57,59,143,71,72,73,124,125,158,75,76,105,106,107,159,83,84,85,86,87,177,134,135,136,137,138,203,194,195,196,212,226,261,257,258,259,271,272,-1,
595,523,522,495,331,330,332,332,332,332,377,376,325,307,308,199,198,197,153,152,151,150,149,148,147,146,145,61,58,56,55,52,51,50,49,48,47,46,41,40,39,38,37,36,35,33,32,31,30,-1,
595,523,522,495,331,330,332,377,376,325,307,308,199,198,197,153,152,151,150,149,148,147,146,145,61,58,56,55,52,51,50,49,48,47,46,41,40,39,38,37,36,35,33,32,31,30,-1,
589,588,587,586,584,570,566,565,564,563,526,494,438,354,332,331,330,314,310,302,276,275,274,243,242,241,230,229,228,523,522,495,377,376,325,307,308,199,198,197,153,152,151,150,149,148,147,146,145,61,58,56,55,52,51,50,49,48,47,46,41,40,39,38,37,36,35,33,32,31,30,-1,
595,589,588,587,586,584,570,566,565,564,563,526,494,438,354,332,331,330,314,310,302,276,275,274,243,242,241,230,229,228,523,522,495,377,376,325,307,308,199,198,197,153,152,151,150,149,148,147,146,145,61,58,56,55,52,51,50,49,48,47,46,41,40,39,38,37,36,35,33,32,31,30,-1,
593,593,593,592,592,592,591,591,591,590,583,582,562,562,562,561,561,561,560,535,536,537,523,522,495,377,376,325,307,308,199,198,197,153,152,151,150,149,148,147,146,145,61,58,56,55,52,51,50,49,48,47,46,41,40,39,38,37,36,35,33,32,31,30,-1,
593,592,591,590,583,582,562,561,560,535,536,537,523,522,495,377,376,325,307,308,199,198,197,153,152,151,150,149,148,147,146,145,61,58,56,55,52,51,50,49,48,47,46,41,40,39,38,37,36,35,33,32,31,30,-1,
607,544,523,522,495,447,446,445,444,443,377,376,358,357,336,335,334,325,307,308,199,198,197,153,152,151,150,149,148,147,146,145,61,58,56,55,52,51,50,49,48,47,46,41,40,39,38,37,36,35,33,32,31,30,-1,
607,544,523,522,495,447,446,445,444,443,377,376,358,357,336,335,334,200,144,131,129,325,307,308,199,198,197,153,152,151,150,149,148,147,146,145,61,58,56,55,52,51,50,49,48,47,46,41,40,39,38,37,36,35,33,32,31,30,-1,
607,544,523,522,495,447,446,445,444,443,377,376,358,357,336,335,334,239,238,237,325,307,308,199,198,197,153,152,151,150,149,148,147,146,145,61,58,56,55,52,51,50,49,48,47,46,41,40,39,38,37,36,35,33,32,31,30,-1,
600,599,598,597,596,601,601,602,602,603,603,605,605,605,605,605,605,605,605,605,605,522,377,307,199,153,152,151,150,61,40,39,36,35,33,32,31,30,523,495,376,325,308,198,197,149,148,147,146,145,58,56,55,52,51,50,49,48,47,46,41,38,37,-1,
600,599,598,597,596,601,602,603,605,522,377,307,199,153,152,151,150,61,40,39,36,35,33,32,31,30,523,495,376,325,308,198,197,149,148,147,146,145,58,56,55,52,51,50,49,48,47,46,41,38,37,-1,
609,594,569,546,543,534,533,525,523,522,495,519,505,502,496,441,439,436,431,427,417,401,396,378,377,376,361,360,359,355,351,338,333,325,322,316,306,305,304,307,308,272,271,34,42,43,44,57,59,71,72,73,75,76,83,84,85,86,87,105,106,107,124,125,134,135,136,137,138,143,158,159,168,169,170,171,177,194,195,196,203,212,226,261,240,257,258,259,199,198,197,153,152,151,150,149,148,147,146,145,61,58,56,55,52,51,50,49,48,47,46,41,40,39,38,37,36,35,33,32,31,30,-1,
609,594,585,569,546,543,534,533,529,525,519,505,502,496,441,439,436,431,427,417,401,396,380,378,361,360,359,355,351,338,333,322,318,316,306,305,304,272,271,269,261,259,258,257,240,226,212,203,196,195,194,177,171,170,169,168,159,158,143,138,137,136,135,134,125,124,107,106,105,87,86,85,84,83,76,75,73,72,71,59,57,44,43,42,34,523,522,495,377,376,325,307,308,199,198,197,153,152,151,150,149,148,147,146,145,61,58,56,55,52,51,50,49,48,47,46,41,40,39,38,37,36,35,33,32,31,30,-1,
609,594,585,569,559,546,543,534,533,529,525,519,505,502,496,441,439,436,431,427,417,401,397,396,380,378,361,360,359,355,351,338,333,322,318,316,306,305,304,286,283,269,34,168,169,170,171,240,42,43,44,57,59,143,71,72,73,124,125,158,75,76,105,106,107,159,83,84,85,86,87,177,134,135,136,137,138,203,194,195,196,212,226,261,257,258,259,271,272,-1,
609,594,586,585,493,481,478,463,461,455,451,450,449,448,569,559,546,543,534,533,529,525,519,505,502,496,441,439,436,431,427,417,401,397,396,380,378,361,360,359,355,351,338,333,322,318,316,306,305,304,286,283,269,34,168,169,170,171,240,42,43,44,57,59,143,71,72,73,124,125,158,75,76,105,106,107,159,83,84,85,86,87,177,134,135,136,137,138,203,194,195,196,212,226,261,257,258,259,271,272,-1,
523,522,495,520,435,240,43,71,84,76,137,196,259,306,401,559,377,376,325,307,308,199,198,197,153,152,151,150,149,148,147,146,145,61,58,56,55,52,51,50,49,48,47,46,41,40,39,38,37,36,35,33,32,31,30,-1,
523,522,495,520,484,240,43,71,84,76,137,196,259,306,401,559,377,376,325,307,308,199,198,197,153,152,151,150,149,148,147,146,145,61,58,56,55,52,51,50,49,48,47,46,41,40,39,38,37,36,35,33,32,31,30,-1,
448,449,451,546,519,338,505,106,203,431,439,304,360,357,397,563,228,523,522,495,377,376,325,307,308,199,198,197,153,152,151,150,149,148,147,146,145,61,58,56,55,52,51,50,49,48,47,46,41,40,39,38,37,36,35,33,32,31,30,-1,
450,493,481,544,436,44,124,396,502,322,533,258,305,569,358,286,584,276,523,522,495,377,376,325,307,308,199,198,197,153,152,151,150,149,148,147,146,145,61,58,56,55,52,51,50,49,48,47,46,41,40,39,38,37,36,35,33,32,31,30,-1,
455,478,463,461,168,427,496,83,159,525,261,534,417,359,334,283,570,332,523,522,495,377,376,325,307,308,199,198,197,153,152,151,150,149,148,147,146,145,61,58,56,55,52,51,50,49,48,47,46,41,40,39,38,37,36,35,33,32,31,30,-1,
448,449,451,546,519,338,505,106,203,431,439,304,360,357,397,563,228,523,522,495,377,376,325,307,308,199,198,197,153,152,151,150,149,148,147,146,145,61,58,56,55,52,51,50,49,48,47,46,41,40,39,38,37,36,35,33,32,31,30,-1,
450,493,481,544,436,44,124,396,502,322,533,258,305,569,358,286,584,276,523,522,495,377,376,325,307,308,199,198,197,153,152,151,150,149,148,147,146,145,61,58,56,55,52,51,50,49,48,47,46,41,40,39,38,37,36,35,33,32,31,30,-1,
455,478,463,461,168,427,496,83,159,525,261,534,417,359,334,283,570,332,523,522,495,377,376,325,307,308,199,198,197,153,152,151,150,149,148,147,146,145,61,58,56,55,52,51,50,49,48,47,46,41,40,39,38,37,36,35,33,32,31,30,-1,
612,544,493,481,478,463,461,455,451,450,449,448,564,533,526,502,496,358,330,271,259,229,195,138,106,42,522,377,307,199,153,152,151,150,61,40,39,36,35,33,32,31,30,523,495,376,325,308,198,197,149,148,147,146,145,58,56,55,52,51,50,49,48,47,46,41,38,37,-1,
612,609,594,585,569,559,546,543,534,533,529,525,519,505,502,496,441,439,436,431,427,417,401,397,396,380,378,361,360,359,355,351,338,333,322,318,316,306,305,304,286,283,269,34,168,169,170,171,240,42,43,44,57,59,143,71,72,73,124,125,158,75,76,105,106,107,159,83,84,85,86,87,177,134,135,136,137,138,203,194,195,196,212,226,261,257,258,259,271,272,-1,
612,609,594,586,585,493,481,478,463,461,455,451,450,449,448,569,559,546,543,534,533,529,525,519,505,502,496,441,439,436,431,427,417,401,397,396,380,378,361,360,359,355,351,338,333,322,318,316,306,305,304,286,283,269,34,168,169,170,171,240,42,43,44,57,59,143,71,72,73,124,125,158,75,76,105,106,107,159,83,84,85,86,87,177,134,135,136,137,138,203,194,195,196,212,226,261,257,258,259,271,272,-1,
614,566,566,566,565,565,565,564,563,523,522,495,494,438,354,275,274,276,276,276,377,376,325,307,308,199,198,197,153,152,151,150,149,148,147,146,145,61,58,56,55,52,51,50,49,48,47,46,41,40,39,38,37,36,35,33,32,31,30,-1,
595,589,588,587,586,584,570,566,565,564,563,526,494,438,354,332,331,330,314,310,302,276,275,274,243,242,241,230,229,228,523,522,495,377,376,325,307,308,199,198,197,153,152,151,150,149,148,147,146,145,61,58,56,55,52,51,50,49,48,47,46,41,40,39,38,37,36,35,33,32,31,30,-1,
614,566,565,564,563,523,522,495,494,438,354,275,274,276,377,376,325,307,308,199,198,197,153,152,151,150,149,148,147,146,145,61,58,56,55,52,51,50,49,48,47,46,41,40,39,38,37,36,35,33,32,31,30,-1,
618,448,496,338,158,125,124,73,72,71,447,446,445,444,443,523,522,495,377,376,325,307,308,199,198,197,153,152,151,150,149,148,147,146,145,61,58,56,55,52,51,50,49,48,47,46,41,40,39,38,37,36,35,33,32,31,30,-1,
618,448,496,338,158,125,124,73,72,71,447,446,445,444,443,200,144,131,129,523,522,495,377,376,325,307,308,199,198,197,153,152,151,150,149,148,147,146,145,61,58,56,55,52,51,50,49,48,47,46,41,40,39,38,37,36,35,33,32,31,30,-1,
618,448,496,338,158,125,124,73,72,71,447,446,445,444,443,239,238,237,523,522,495,377,376,325,307,308,199,198,197,153,152,151,150,149,148,147,146,145,61,58,56,55,52,51,50,49,48,47,46,41,40,39,38,37,36,35,33,32,31,30,-1,
619,449,502,351,159,107,106,105,76,75,447,446,445,444,443,523,522,495,377,376,325,307,308,199,198,197,153,152,151,150,149,148,147,146,145,61,58,56,55,52,51,50,49,48,47,46,41,40,39,38,37,36,35,33,32,31,30,-1,
619,449,502,351,159,107,106,105,76,75,447,446,445,444,443,200,144,131,129,523,522,495,377,376,325,307,308,199,198,197,153,152,151,150,149,148,147,146,145,61,58,56,55,52,51,50,49,48,47,46,41,40,39,38,37,36,35,33,32,31,30,-1,
619,449,502,351,159,107,106,105,76,75,447,446,445,444,443,239,238,237,523,522,495,377,376,325,307,308,199,198,197,153,152,151,150,149,148,147,146,145,61,58,56,55,52,51,50,49,48,47,46,41,40,39,38,37,36,35,33,32,31,30,-1,
619,618,594,585,569,546,534,533,529,525,523,522,495,519,505,502,496,439,436,431,427,417,401,396,380,377,376,361,360,359,355,351,338,325,322,318,316,306,305,304,307,308,272,271,269,34,42,43,44,57,59,71,72,73,75,76,83,84,85,86,87,105,106,107,124,125,134,135,136,137,138,143,158,159,168,169,170,171,177,194,195,196,203,212,226,261,240,257,258,259,199,198,197,153,152,151,150,149,148,147,146,145,61,58,56,55,52,51,50,49,48,47,46,41,40,39,38,37,36,35,33,32,31,30,-1,
619,609,594,569,546,543,534,533,525,523,522,495,519,505,502,496,441,439,436,431,427,417,401,396,378,377,376,361,360,359,355,351,338,333,325,322,316,306,305,304,307,308,272,271,34,42,43,44,57,59,71,72,73,75,76,83,84,85,86,87,105,106,107,124,125,134,135,136,137,138,143,158,159,168,169,170,171,177,194,195,196,203,212,226,261,240,257,258,259,199,198,197,153,152,151,150,149,148,147,146,145,61,58,56,55,52,51,50,49,48,47,46,41,40,39,38,37,36,35,33,32,31,30,-1,
619,612,609,594,585,569,559,546,543,534,533,529,525,519,505,502,496,441,439,436,431,427,417,401,397,396,380,378,361,360,359,355,351,338,333,322,318,316,306,305,304,286,283,269,34,168,169,170,171,240,42,43,44,57,59,143,71,72,73,124,125,158,75,76,105,106,107,159,83,84,85,86,87,177,134,135,136,137,138,203,194,195,196,212,226,261,257,258,259,271,272,-1,
619,618,612,609,594,585,569,559,546,543,534,533,529,525,519,505,502,496,441,439,436,431,427,417,401,397,396,380,378,361,360,359,355,351,338,333,322,318,316,306,305,304,286,283,269,34,168,169,170,171,240,42,43,44,57,59,143,71,72,73,124,125,158,75,76,105,106,107,159,83,84,85,86,87,177,134,135,136,137,138,203,194,195,196,212,226,261,257,258,259,271,272,-1,
619,612,609,594,586,585,493,481,478,463,461,455,451,450,449,448,569,559,546,543,534,533,529,525,519,505,502,496,441,439,436,431,427,417,401,397,396,380,378,361,360,359,355,351,338,333,322,318,316,306,305,304,286,283,269,34,168,169,170,171,240,42,43,44,57,59,143,71,72,73,124,125,158,75,76,105,106,107,159,83,84,85,86,87,177,134,135,136,137,138,203,194,195,196,212,226,261,257,258,259,271,272,-1,
619,618,612,609,594,586,585,493,481,478,463,461,455,451,450,449,448,569,559,546,543,534,533,529,525,519,505,502,496,441,439,436,431,427,417,401,397,396,380,378,361,360,359,355,351,338,333,322,318,316,306,305,304,286,283,269,34,168,169,170,171,240,42,43,44,57,59,143,71,72,73,124,125,158,75,76,105,106,107,159,83,84,85,86,87,177,134,135,136,137,138,203,194,195,196,212,226,261,257,258,259,271,272,-1,
505,359,304,257,194,105,72,44,523,522,495,377,376,325,307,308,199,198,197,153,152,151,150,149,148,147,146,145,61,58,56,55,52,51,50,49,48,47,46,41,40,39,38,37,36,35,33,32,31,30,-1,
440,440,440,292,292,292,291,291,291,290,290,290,289,289,289,288,288,293,293,293,293,293,293,298,298,298,298,297,297,297,297,296,296,296,296,295,295,295,295,294,294,294,294,523,522,495,377,376,325,307,308,199,198,197,153,152,151,150,149,148,147,146,145,61,58,56,55,52,51,50,49,48,47,46,41,40,39,38,37,36,35,33,32,31,30,-1,
619,609,594,585,569,546,543,534,533,529,525,519,505,502,496,441,439,436,431,427,417,401,396,380,378,361,360,359,355,351,338,333,322,318,316,306,305,304,272,271,269,261,259,258,257,240,226,212,203,196,195,194,177,171,170,169,168,159,158,143,138,137,136,135,134,125,124,107,106,105,87,86,85,84,83,76,75,73,72,71,59,57,44,43,42,34,523,522,495,377,376,325,307,308,199,198,197,153,152,151,150,149,148,147,146,145,61,58,56,55,52,51,50,49,48,47,46,41,40,39,38,37,36,35,33,32,31,30,-1,
614,595,589,588,587,586,584,570,566,565,564,563,526,494,438,354,332,331,330,314,310,302,276,275,274,243,242,241,230,229,228,523,522,495,377,376,325,307,308,199,198,197,153,152,151,150,149,148,147,146,145,61,58,56,55,52,51,50,49,48,47,46,41,40,39,38,37,36,35,33,32,31,30,-1,
625,546,461,436,240,171,170,169,168,34,447,446,445,444,443,523,522,495,377,376,325,307,308,199,198,197,153,152,151,150,149,148,147,146,145,61,58,56,55,52,51,50,49,48,47,46,41,40,39,38,37,36,35,33,32,31,30,-1,
625,546,461,436,240,171,170,169,168,34,447,446,445,444,443,200,144,131,129,523,522,495,377,376,325,307,308,199,198,197,153,152,151,150,149,148,147,146,145,61,58,56,55,52,51,50,49,48,47,46,41,40,39,38,37,36,35,33,32,31,30,-1,
625,546,461,436,240,171,170,169,168,34,447,446,445,444,443,239,238,237,523,522,495,377,376,325,307,308,199,198,197,153,152,151,150,149,148,147,146,145,61,58,56,55,52,51,50,49,48,47,46,41,40,39,38,37,36,35,33,32,31,30,-1,
617,519,455,427,143,59,57,44,43,42,447,446,445,444,443,523,522,495,377,376,325,307,308,199,198,197,153,152,151,150,149,148,147,146,145,61,58,56,55,52,51,50,49,48,47,46,41,40,39,38,37,36,35,33,32,31,30,-1,
617,519,455,427,143,59,57,44,43,42,447,446,445,444,443,200,144,131,129,523,522,495,377,376,325,307,308,199,198,197,153,152,151,150,149,148,147,146,145,61,58,56,55,52,51,50,49,48,47,46,41,40,39,38,37,36,35,33,32,31,30,-1,
617,519,455,427,143,59,57,44,43,42,447,446,445,444,443,239,238,237,523,522,495,377,376,325,307,308,199,198,197,153,152,151,150,149,148,147,146,145,61,58,56,55,52,51,50,49,48,47,46,41,40,39,38,37,36,35,33,32,31,30,-1,
620,505,450,396,177,87,86,85,84,83,447,446,445,444,443,523,522,495,377,376,325,307,308,199,198,197,153,152,151,150,149,148,147,146,145,61,58,56,55,52,51,50,49,48,47,46,41,40,39,38,37,36,35,33,32,31,30,-1,
620,505,450,396,177,87,86,85,84,83,447,446,445,444,443,200,144,131,129,523,522,495,377,376,325,307,308,199,198,197,153,152,151,150,149,148,147,146,145,61,58,56,55,52,51,50,49,48,47,46,41,40,39,38,37,36,35,33,32,31,30,-1,
620,505,450,396,177,87,86,85,84,83,447,446,445,444,443,239,238,237,523,522,495,377,376,325,307,308,199,198,197,153,152,151,150,149,148,147,146,145,61,58,56,55,52,51,50,49,48,47,46,41,40,39,38,37,36,35,33,32,31,30,-1,
625,620,619,618,617,594,585,569,546,534,533,529,525,523,522,495,519,505,502,496,439,436,431,427,417,401,396,380,377,376,361,360,359,355,351,338,325,322,318,316,306,305,304,307,308,272,271,269,34,42,43,44,57,59,71,72,73,75,76,83,84,85,86,87,105,106,107,124,125,134,135,136,137,138,143,158,159,168,169,170,171,177,194,195,196,203,212,226,261,240,257,258,259,199,198,197,153,152,151,150,149,148,147,146,145,61,58,56,55,52,51,50,49,48,47,46,41,40,39,38,37,36,35,33,32,31,30,-1,
620,619,618,617,609,594,569,546,543,534,533,525,523,522,495,519,505,502,496,441,439,436,431,427,417,401,396,378,377,376,361,360,359,355,351,338,333,325,322,316,306,305,304,307,308,272,271,34,42,43,44,57,59,71,72,73,75,76,83,84,85,86,87,105,106,107,124,125,134,135,136,137,138,143,158,159,168,169,170,171,177,194,195,196,203,212,226,261,240,257,258,259,199,198,197,153,152,151,150,149,148,147,146,145,61,58,56,55,52,51,50,49,48,47,46,41,40,39,38,37,36,35,33,32,31,30,-1,
619,618,617,612,609,594,585,569,559,546,543,534,533,529,525,519,505,502,496,441,439,436,431,427,417,401,397,396,380,378,361,360,359,355,351,338,333,322,318,316,306,305,304,286,283,269,34,168,169,170,171,240,42,43,44,57,59,143,71,72,73,124,125,158,75,76,105,106,107,159,83,84,85,86,87,177,134,135,136,137,138,203,194,195,196,212,226,261,257,258,259,271,272,-1,
620,619,618,617,612,609,594,585,569,559,546,543,534,533,529,525,519,505,502,496,441,439,436,431,427,417,401,397,396,380,378,361,360,359,355,351,338,333,322,318,316,306,305,304,286,283,269,34,168,169,170,171,240,42,43,44,57,59,143,71,72,73,124,125,158,75,76,105,106,107,159,83,84,85,86,87,177,134,135,136,137,138,203,194,195,196,212,226,261,257,258,259,271,272,-1,
625,620,619,618,617,612,609,594,585,569,559,546,543,534,533,529,525,519,505,502,496,441,439,436,431,427,417,401,397,396,380,378,361,360,359,355,351,338,333,322,318,316,306,305,304,286,283,269,34,168,169,170,171,240,42,43,44,57,59,143,71,72,73,124,125,158,75,76,105,106,107,159,83,84,85,86,87,177,134,135,136,137,138,203,194,195,196,212,226,261,257,258,259,271,272,-1,
619,618,617,612,609,594,586,585,493,481,478,463,461,455,451,450,449,448,569,559,546,543,534,533,529,525,519,505,502,496,441,439,436,431,427,417,401,397,396,380,378,361,360,359,355,351,338,333,322,318,316,306,305,304,286,283,269,34,168,169,170,171,240,42,43,44,57,59,143,71,72,73,124,125,158,75,76,105,106,107,159,83,84,85,86,87,177,134,135,136,137,138,203,194,195,196,212,226,261,257,258,259,271,272,-1,
620,619,618,617,612,609,594,586,585,493,481,478,463,461,455,451,450,449,448,569,559,546,543,534,533,529,525,519,505,502,496,441,439,436,431,427,417,401,397,396,380,378,361,360,359,355,351,338,333,322,318,316,306,305,304,286,283,269,34,168,169,170,171,240,42,43,44,57,59,143,71,72,73,124,125,158,75,76,105,106,107,159,83,84,85,86,87,177,134,135,136,137,138,203,194,195,196,212,226,261,257,258,259,271,272,-1,
625,620,619,618,617,612,609,594,586,585,493,481,478,463,461,455,451,450,449,448,569,559,546,543,534,533,529,525,519,505,502,496,441,439,436,431,427,417,401,397,396,380,378,361,360,359,355,351,338,333,322,318,316,306,305,304,286,283,269,34,168,169,170,171,240,42,43,44,57,59,143,71,72,73,124,125,158,75,76,105,106,107,159,83,84,85,86,87,177,134,135,136,137,138,203,194,195,196,212,226,261,257,258,259,271,272,-1,
619,618,617,609,594,569,546,543,534,533,525,523,522,495,519,505,502,496,441,439,436,431,427,417,401,396,378,377,376,361,360,359,355,351,338,333,325,322,316,306,305,304,307,308,272,271,34,42,43,44,57,59,71,72,73,75,76,83,84,85,86,87,105,106,107,124,125,134,135,136,137,138,143,158,159,168,169,170,171,177,194,195,196,203,212,226,261,240,257,258,259,199,198,197,153,152,151,150,149,148,147,146,145,61,58,56,55,52,51,50,49,48,47,46,41,40,39,38,37,36,35,33,32,31,30,-1,
440,292,291,290,289,288,293,298,297,296,295,294,523,522,495,377,376,325,307,308,199,198,197,153,152,151,150,149,148,147,146,145,61,58,56,55,52,51,50,49,48,47,46,41,40,39,38,37,36,35,33,32,31,30,-1,
632,594,523,522,495,463,447,446,445,444,443,417,377,376,355,325,306,305,304,307,308,199,198,197,153,152,151,150,149,148,147,146,145,61,58,56,55,52,51,50,49,48,47,46,41,40,39,38,37,36,35,33,32,31,30,-1,
632,594,523,522,495,463,447,446,445,444,443,417,377,376,355,325,306,305,304,307,308,200,144,131,129,199,198,197,153,152,151,150,149,148,147,146,145,61,58,56,55,52,51,50,49,48,47,46,41,40,39,38,37,36,35,33,32,31,30,-1,
632,594,523,522,495,463,447,446,445,444,443,417,377,376,355,325,306,305,304,307,308,239,238,237,199,198,197,153,152,151,150,149,148,147,146,145,61,58,56,55,52,51,50,49,48,47,46,41,40,39,38,37,36,35,33,32,31,30,-1,
631,569,523,522,495,478,447,446,445,444,443,401,377,376,361,360,359,325,307,308,199,198,197,153,152,151,150,149,148,147,146,145,61,58,56,55,52,51,50,49,48,47,46,41,40,39,38,37,36,35,33,32,31,30,-1,
631,569,523,522,495,478,447,446,445,444,443,401,377,376,361,360,359,200,144,131,129,325,307,308,199,198,197,153,152,151,150,149,148,147,146,145,61,58,56,55,52,51,50,49,48,47,46,41,40,39,38,37,36,35,33,32,31,30,-1,
631,569,523,522,495,478,447,446,445,444,443,401,377,376,361,360,359,239,238,237,325,307,308,199,198,197,153,152,151,150,149,148,147,146,145,61,58,56,55,52,51,50,49,48,47,46,41,40,39,38,37,36,35,33,32,31,30,-1,
629,570,523,522,495,377,376,302,230,229,228,228,228,228,325,307,308,199,198,197,153,152,151,150,149,148,147,146,145,61,58,56,55,52,51,50,49,48,47,46,41,40,39,38,37,36,35,33,32,31,30,-1,
629,570,523,522,495,377,376,302,230,229,228,325,307,308,199,198,197,153,152,151,150,149,148,147,146,145,61,58,56,55,52,51,50,49,48,47,46,41,40,39,38,37,36,35,33,32,31,30,-1,
632,631,625,620,619,618,617,594,585,569,546,534,533,529,525,523,522,495,519,505,502,496,439,436,431,427,417,401,396,380,377,376,361,360,359,355,351,338,325,322,318,316,306,305,304,307,308,272,271,269,34,42,43,44,57,59,71,72,73,75,76,83,84,85,86,87,105,106,107,124,125,134,135,136,137,138,143,158,159,168,169,170,171,177,194,195,196,203,212,226,261,240,257,258,259,199,198,197,153,152,151,150,149,148,147,146,145,61,58,56,55,52,51,50,49,48,47,46,41,40,39,38,37,36,35,33,32,31,30,-1,
631,625,620,619,618,617,609,594,569,546,543,534,533,525,523,522,495,519,505,502,496,441,439,436,431,427,417,401,396,378,377,376,361,360,359,355,351,338,333,325,322,316,306,305,304,307,308,272,271,34,42,43,44,57,59,71,72,73,75,76,83,84,85,86,87,105,106,107,124,125,134,135,136,137,138,143,158,159,168,169,170,171,177,194,195,196,203,212,226,261,240,257,258,259,199,198,197,153,152,151,150,149,148,147,146,145,61,58,56,55,52,51,50,49,48,47,46,41,40,39,38,37,36,35,33,32,31,30,-1,
631,625,620,619,618,617,612,609,594,585,569,559,546,543,534,533,529,525,519,505,502,496,441,439,436,431,427,417,401,397,396,380,378,361,360,359,355,351,338,333,322,318,316,306,305,304,286,283,269,34,168,169,170,171,240,42,43,44,57,59,143,71,72,73,124,125,158,75,76,105,106,107,159,83,84,85,86,87,177,134,135,136,137,138,203,194,195,196,212,226,261,257,258,259,271,272,-1,
632,631,625,620,619,618,617,612,609,594,585,569,559,546,543,534,533,529,525,519,505,502,496,441,439,436,431,427,417,401,397,396,380,378,361,360,359,355,351,338,333,322,318,316,306,305,304,286,283,269,34,168,169,170,171,240,42,43,44,57,59,143,71,72,73,124,125,158,75,76,105,106,107,159,83,84,85,86,87,177,134,135,136,137,138,203,194,195,196,212,226,261,257,258,259,271,272,-1,
631,625,620,619,618,617,612,609,594,586,585,493,481,478,463,461,455,451,450,449,448,569,559,546,543,534,533,529,525,519,505,502,496,441,439,436,431,427,417,401,397,396,380,378,361,360,359,355,351,338,333,322,318,316,306,305,304,286,283,269,34,168,169,170,171,240,42,43,44,57,59,143,71,72,73,124,125,158,75,76,105,106,107,159,83,84,85,86,87,177,134,135,136,137,138,203,194,195,196,212,226,261,257,258,259,271,272,-1,
632,631,625,620,619,618,617,612,609,594,586,585,493,481,478,463,461,455,451,450,449,448,569,559,546,543,534,533,529,525,519,505,502,496,441,439,436,431,427,417,401,397,396,380,378,361,360,359,355,351,338,333,322,318,316,306,305,304,286,283,269,34,168,169,170,171,240,42,43,44,57,59,143,71,72,73,124,125,158,75,76,105,106,107,159,83,84,85,86,87,177,134,135,136,137,138,203,194,195,196,212,226,261,257,258,259,271,272,-1,
633,525,451,322,203,138,137,136,135,134,447,446,445,444,443,523,522,495,377,376,325,307,308,199,198,197,153,152,151,150,149,148,147,146,145,61,58,56,55,52,51,50,49,48,47,46,41,40,39,38,37,36,35,33,32,31,30,-1,
633,525,451,322,203,138,137,136,135,134,447,446,445,444,443,200,144,131,129,523,522,495,377,376,325,307,308,199,198,197,153,152,151,150,149,148,147,146,145,61,58,56,55,52,51,50,49,48,47,46,41,40,39,38,37,36,35,33,32,31,30,-1,
633,525,451,322,203,138,137,136,135,134,447,446,445,444,443,239,238,237,523,522,495,377,376,325,307,308,199,198,197,153,152,151,150,149,148,147,146,145,61,58,56,55,52,51,50,49,48,47,46,41,40,39,38,37,36,35,33,32,31,30,-1,
634,533,481,431,261,226,212,196,195,194,447,446,445,444,443,523,522,495,377,376,325,307,308,199,198,197,153,152,151,150,149,148,147,146,145,61,58,56,55,52,51,50,49,48,47,46,41,40,39,38,37,36,35,33,32,31,30,-1,
634,533,481,431,261,226,212,196,195,194,447,446,445,444,443,200,144,131,129,523,522,495,377,376,325,307,308,199,198,197,153,152,151,150,149,148,147,146,145,61,58,56,55,52,51,50,49,48,47,46,41,40,39,38,37,36,35,33,32,31,30,-1,
634,533,481,431,261,226,212,196,195,194,447,446,445,444,443,239,238,237,523,522,495,377,376,325,307,308,199,198,197,153,152,151,150,149,148,147,146,145,61,58,56,55,52,51,50,49,48,47,46,41,40,39,38,37,36,35,33,32,31,30,-1,
448,455,544,625,619,614,607,569,496,396,355,286,257,194,135,59,589,589,589,589,589,523,522,495,377,376,325,307,308,199,198,197,153,152,151,150,149,148,147,146,145,61,58,56,55,52,51,50,49,48,47,46,41,40,39,38,37,36,35,33,32,31,30,-1,
451,450,493,463,620,618,595,417,359,335,283,271,212,203,169,107,57,276,276,276,276,276,523,522,495,377,376,325,307,308,199,198,197,153,152,151,150,149,148,147,146,145,61,58,56,55,52,51,50,49,48,47,46,41,40,39,38,37,36,35,33,32,31,30,-1,
481,478,461,449,631,617,594,588,397,357,272,226,177,170,136,125,75,332,332,332,332,332,523,522,495,377,376,325,307,308,199,198,197,153,152,151,150,149,148,147,146,145,61,58,56,55,52,51,50,49,48,47,46,41,40,39,38,37,36,35,33,32,31,30,-1,
318,520,435,240,43,71,84,76,137,196,259,306,401,523,522,495,377,376,325,307,308,199,198,197,153,152,151,150,149,148,147,146,145,61,58,56,55,52,51,50,49,48,47,46,41,40,39,38,37,36,35,33,32,31,30,-1,
378,520,484,240,43,71,84,76,137,196,259,306,401,523,522,495,377,376,325,307,308,199,198,197,153,152,151,150,149,148,147,146,145,61,58,56,55,52,51,50,49,48,47,46,41,40,39,38,37,36,35,33,32,31,30,-1,
584,526,310,243,242,241,636,523,522,495,377,376,325,307,308,199,198,197,153,152,151,150,149,148,147,146,145,61,58,56,55,52,51,50,49,48,47,46,41,40,39,38,37,36,35,33,32,31,30,-1,
634,633,632,631,625,620,619,618,617,594,585,569,546,534,533,529,525,523,522,495,519,505,502,496,439,436,431,427,417,401,396,380,377,376,361,360,359,355,351,338,325,322,318,316,306,305,304,307,308,272,271,269,34,42,43,44,57,59,71,72,73,75,76,83,84,85,86,87,105,106,107,124,125,134,135,136,137,138,143,158,159,168,169,170,171,177,194,195,196,203,212,226,261,240,257,258,259,199,198,197,153,152,151,150,149,148,147,146,145,61,58,56,55,52,51,50,49,48,47,46,41,40,39,38,37,36,35,33,32,31,30,-1,
634,632,631,625,620,619,618,617,609,594,569,546,543,534,533,525,523,522,495,519,505,502,496,441,439,436,431,427,417,401,396,378,377,376,361,360,359,355,351,338,333,325,322,316,306,305,304,307,308,272,271,34,42,43,44,57,59,71,72,73,75,76,83,84,85,86,87,105,106,107,124,125,134,135,136,137,138,143,158,159,168,169,170,171,177,194,195,196,203,212,226,261,240,257,258,259,199,198,197,153,152,151,150,149,148,147,146,145,61,58,56,55,52,51,50,49,48,47,46,41,40,39,38,37,36,35,33,32,31,30,-1,
634,632,631,625,620,619,618,617,612,609,594,585,569,559,546,543,534,533,529,525,519,505,502,496,441,439,436,431,427,417,401,397,396,380,378,361,360,359,355,351,338,333,322,318,316,306,305,304,286,283,269,34,168,169,170,171,240,42,43,44,57,59,143,71,72,73,124,125,158,75,76,105,106,107,159,83,84,85,86,87,177,134,135,136,137,138,203,194,195,196,212,226,261,257,258,259,271,272,-1,
634,633,632,631,625,620,619,618,617,612,609,594,585,569,559,546,543,534,533,529,525,519,505,502,496,441,439,436,431,427,417,401,397,396,380,378,361,360,359,355,351,338,333,322,318,316,306,305,304,286,283,269,34,168,169,170,171,240,42,43,44,57,59,143,71,72,73,124,125,158,75,76,105,106,107,159,83,84,85,86,87,177,134,135,136,137,138,203,194,195,196,212,226,261,257,258,259,271,272,-1,
634,632,631,625,620,619,618,617,612,609,594,586,585,493,481,478,463,461,455,451,450,449,448,569,559,546,543,534,533,529,525,519,505,502,496,441,439,436,431,427,417,401,397,396,380,378,361,360,359,355,351,338,333,322,318,316,306,305,304,286,283,269,34,168,169,170,171,240,42,43,44,57,59,143,71,72,73,124,125,158,75,76,105,106,107,159,83,84,85,86,87,177,134,135,136,137,138,203,194,195,196,212,226,261,257,258,259,271,272,-1,
634,633,632,631,625,620,619,618,617,612,609,594,586,585,493,481,478,463,461,455,451,450,449,448,569,559,546,543,534,533,529,525,519,505,502,496,441,439,436,431,427,417,401,397,396,380,378,361,360,359,355,351,338,333,322,318,316,306,305,304,286,283,269,34,168,169,170,171,240,42,43,44,57,59,143,71,72,73,124,125,158,75,76,105,106,107,159,83,84,85,86,87,177,134,135,136,137,138,203,194,195,196,212,226,261,257,258,259,271,272,-1,
631,625,620,619,618,617,594,585,569,546,534,533,529,525,523,522,495,519,505,502,496,439,436,431,427,417,401,396,380,377,376,361,360,359,355,351,338,325,322,318,316,306,305,304,307,308,272,271,269,34,42,43,44,57,59,71,72,73,75,76,83,84,85,86,87,105,106,107,124,125,134,135,136,137,138,143,158,159,168,169,170,171,177,194,195,196,203,212,226,261,240,257,258,259,199,198,197,153,152,151,150,149,148,147,146,145,61,58,56,55,52,51,50,49,48,47,46,41,40,39,38,37,36,35,33,32,31,30,-1,
625,620,619,618,617,609,594,569,546,543,534,533,525,523,522,495,519,505,502,496,441,439,436,431,427,417,401,396,378,377,376,361,360,359,355,351,338,333,325,322,316,306,305,304,307,308,272,271,34,42,43,44,57,59,71,72,73,75,76,83,84,85,86,87,105,106,107,124,125,134,135,136,137,138,143,158,159,168,169,170,171,177,194,195,196,203,212,226,261,240,257,258,259,199,198,197,153,152,151,150,149,148,147,146,145,61,58,56,55,52,51,50,49,48,47,46,41,40,39,38,37,36,35,33,32,31,30,-1,
642,534,493,439,316,272,271,259,258,257,447,446,445,444,443,523,522,495,377,376,325,307,308,199,198,197,153,152,151,150,149,148,147,146,145,61,58,56,55,52,51,50,49,48,47,46,41,40,39,38,37,36,35,33,32,31,30,-1,
642,534,493,439,316,272,271,259,258,257,447,446,445,444,443,200,144,131,129,523,522,495,377,376,325,307,308,199,198,197,153,152,151,150,149,148,147,146,145,61,58,56,55,52,51,50,49,48,47,46,41,40,39,38,37,36,35,33,32,31,30,-1,
642,534,493,439,316,272,271,259,258,257,447,446,445,444,443,239,238,237,523,522,495,377,376,325,307,308,199,198,197,153,152,151,150,149,148,147,146,145,61,58,56,55,52,51,50,49,48,47,46,41,40,39,38,37,36,35,33,32,31,30,-1,
478,450,448,634,632,607,525,361,316,143,124,106,86,34,314,314,314,314,314,523,522,495,377,376,325,307,308,199,198,197,153,152,151,150,149,148,147,146,145,61,58,56,55,52,51,50,49,48,47,46,41,40,39,38,37,36,35,33,32,31,30,-1,
484,435,642,641,634,633,632,631,625,620,619,618,617,609,594,585,569,546,543,534,533,529,525,519,505,502,496,441,439,436,431,427,417,401,396,380,378,361,360,359,355,351,338,333,322,318,316,306,305,304,272,271,269,261,259,258,257,240,226,212,203,196,195,194,177,171,170,169,168,159,158,143,138,137,136,135,134,125,124,107,106,105,87,86,85,84,83,76,75,73,72,71,59,57,44,43,42,34,520,523,522,495,377,376,325,307,308,199,198,197,153,152,151,150,149,148,147,146,145,61,58,56,55,52,51,50,49,48,47,46,41,40,39,38,37,36,35,33,32,31,30,-1,
634,633,632,631,625,620,619,618,617,609,594,569,546,543,534,533,525,523,522,495,519,505,502,496,441,439,436,431,427,417,401,396,378,377,376,361,360,359,355,351,338,333,325,322,316,306,305,304,307,308,272,271,34,42,43,44,57,59,71,72,73,75,76,83,84,85,86,87,105,106,107,124,125,134,135,136,137,138,143,158,159,168,169,170,171,177,194,195,196,203,212,226,261,240,257,258,259,199,198,197,153,152,151,150,149,148,147,146,145,61,58,56,55,52,51,50,49,48,47,46,41,40,39,38,37,36,35,33,32,31,30,-1,
614,595,589,588,587,586,584,570,566,565,564,563,526,494,438,354,332,331,330,314,310,302,276,275,274,243,242,241,230,229,228,523,522,495,377,376,325,307,308,199,198,197,153,152,151,150,149,148,147,146,145,61,58,56,55,52,51,50,49,48,47,46,41,40,39,38,37,36,35,33,32,31,30,-1,
642,634,633,632,631,625,620,619,618,617,612,609,594,585,569,559,546,543,534,533,529,525,519,505,502,496,441,439,436,431,427,417,401,397,396,380,378,361,360,359,355,351,338,333,322,318,316,306,305,304,286,283,269,34,168,169,170,171,240,42,43,44,57,59,143,71,72,73,124,125,158,75,76,105,106,107,159,83,84,85,86,87,177,134,135,136,137,138,203,194,195,196,212,226,261,257,258,259,271,272,-1,
642,641,634,633,632,631,625,620,619,618,617,612,609,594,585,569,559,546,543,534,533,529,525,519,505,502,496,441,439,436,431,427,417,401,397,396,380,378,361,360,359,355,351,338,333,322,318,316,306,305,304,286,283,269,34,168,169,170,171,240,42,43,44,57,59,143,71,72,73,124,125,158,75,76,105,106,107,159,83,84,85,86,87,177,134,135,136,137,138,203,194,195,196,212,226,261,257,258,259,271,272,-1,
642,634,633,632,631,625,620,619,618,617,612,609,594,586,585,493,481,478,463,461,455,451,450,449,448,569,559,546,543,534,533,529,525,519,505,502,496,441,439,436,431,427,417,401,397,396,380,378,361,360,359,355,351,338,333,322,318,316,306,305,304,286,283,269,34,168,169,170,171,240,42,43,44,57,59,143,71,72,73,124,125,158,75,76,105,106,107,159,83,84,85,86,87,177,134,135,136,137,138,203,194,195,196,212,226,261,257,258,259,271,272,-1,
642,641,634,633,632,631,625,620,619,618,617,612,609,594,586,585,493,481,478,463,461,455,451,450,449,448,569,559,546,543,534,533,529,525,519,505,502,496,441,439,436,431,427,417,401,397,396,380,378,361,360,359,355,351,338,333,322,318,316,306,305,304,286,283,269,34,168,169,170,171,240,42,43,44,57,59,143,71,72,73,124,125,158,75,76,105,106,107,159,83,84,85,86,87,177,134,135,136,137,138,203,194,195,196,212,226,261,257,258,259,271,272,-1,
641,632,631,625,620,619,618,617,594,585,569,546,534,533,529,525,523,522,495,519,505,502,496,439,436,431,427,417,401,396,380,377,376,361,360,359,355,351,338,325,322,318,316,306,305,304,307,308,272,271,269,34,42,43,44,57,59,71,72,73,75,76,83,84,85,86,87,105,106,107,124,125,134,135,136,137,138,143,158,159,168,169,170,171,177,194,195,196,203,212,226,261,240,257,258,259,199,198,197,153,152,151,150,149,148,147,146,145,61,58,56,55,52,51,50,49,48,47,46,41,40,39,38,37,36,35,33,32,31,30,-1,
641,632,631,625,620,619,618,617,612,609,594,585,569,559,546,543,534,533,529,525,519,505,502,496,441,439,436,431,427,417,401,397,396,380,378,361,360,359,355,351,338,333,322,318,316,306,305,304,286,283,269,34,168,169,170,171,240,42,43,44,57,59,143,71,72,73,124,125,158,75,76,105,106,107,159,83,84,85,86,87,177,134,135,136,137,138,203,194,195,196,212,226,261,257,258,259,271,272,-1,
641,632,631,625,620,619,618,617,612,609,594,586,585,493,481,478,463,461,455,451,450,449,448,569,559,546,543,534,533,529,525,519,505,502,496,441,439,436,431,427,417,401,397,396,380,378,361,360,359,355,351,338,333,322,318,316,306,305,304,286,283,269,34,168,169,170,171,240,42,43,44,57,59,143,71,72,73,124,125,158,75,76,105,106,107,159,83,84,85,86,87,177,134,135,136,137,138,203,194,195,196,212,226,261,257,258,259,271,272,-1,
634,641,632,631,625,620,619,618,617,612,609,594,585,569,559,546,543,534,533,529,525,519,505,502,496,441,439,436,431,427,417,401,397,396,380,378,361,360,359,355,351,338,333,322,318,316,306,305,304,286,283,269,34,168,169,170,171,240,42,43,44,57,59,143,71,72,73,124,125,158,75,76,105,106,107,159,83,84,85,86,87,177,134,135,136,137,138,203,194,195,196,212,226,261,257,258,259,271,272,-1,
634,641,632,631,625,620,619,618,617,612,609,594,586,585,493,481,478,463,461,455,451,450,449,448,569,559,546,543,534,533,529,525,519,505,502,496,441,439,436,431,427,417,401,397,396,380,378,361,360,359,355,351,338,333,322,318,316,306,305,304,286,283,269,34,168,169,170,171,240,42,43,44,57,59,143,71,72,73,124,125,158,75,76,105,106,107,159,83,84,85,86,87,177,134,135,136,137,138,203,194,195,196,212,226,261,257,258,259,271,272,-1,
647,619,449,502,351,159,107,106,105,76,75,447,446,445,444,443,523,522,495,377,376,325,307,308,199,198,197,153,152,151,150,149,148,147,146,145,61,58,56,55,52,51,50,49,48,47,46,41,40,39,38,37,36,35,33,32,31,30,-1,
647,619,449,502,351,159,107,106,105,76,75,447,446,445,444,443,200,144,131,129,523,522,495,377,376,325,307,308,199,198,197,153,152,151,150,149,148,147,146,145,61,58,56,55,52,51,50,49,48,47,46,41,40,39,38,37,36,35,33,32,31,30,-1,
647,619,449,502,351,159,107,106,105,76,75,447,446,445,444,443,239,238,237,523,522,495,377,376,325,307,308,199,198,197,153,152,151,150,149,148,147,146,145,61,58,56,55,52,51,50,49,48,47,46,41,40,39,38,37,36,35,33,32,31,30,-1,
620,533,523,522,495,377,376,325,305,307,308,283,239,238,237,200,144,131,129,212,199,198,197,136,153,152,151,150,149,148,147,146,145,124,105,87,86,76,61,58,56,55,52,51,50,49,48,47,46,43,42,41,40,39,38,37,36,35,33,32,31,30,-1,
644,614,595,589,588,587,586,584,570,566,565,564,563,526,494,438,354,332,331,330,314,310,302,276,275,274,243,242,241,230,229,228,523,522,495,377,376,325,307,308,199,198,197,153,152,151,150,149,148,147,146,145,61,58,56,55,52,51,50,49,48,47,46,41,40,39,38,37,36,35,33,32,31,30,-1,
645,644,589,589,589,589,588,587,533,496,138,143,523,522,495,377,376,325,307,308,199,198,197,153,152,151,150,149,148,147,146,145,61,58,56,55,52,51,50,49,48,47,46,41,40,39,38,37,36,35,33,32,31,30,-1,
612,544,493,481,478,463,461,455,451,450,449,448,644,564,533,526,502,496,358,330,271,259,229,195,138,106,42,522,377,307,199,153,152,151,150,61,40,39,36,35,33,32,31,30,523,495,376,325,308,198,197,149,148,147,146,145,58,56,55,52,51,50,49,48,47,46,41,38,37,-1,
647,642,641,634,633,632,631,625,620,619,618,617,594,585,569,546,534,533,529,525,523,522,495,519,505,502,496,439,436,431,427,417,401,396,380,377,376,361,360,359,355,351,338,325,322,318,316,306,305,304,307,308,272,271,269,34,42,43,44,57,59,71,72,73,75,76,83,84,85,86,87,105,106,107,124,125,134,135,136,137,138,143,158,159,168,169,170,171,177,194,195,196,203,212,226,261,240,257,258,259,199,198,197,153,152,151,150,149,148,147,146,145,61,58,56,55,52,51,50,49,48,47,46,41,40,39,38,37,36,35,33,32,31,30,-1,
647,642,634,633,632,631,625,620,619,618,617,609,594,569,546,543,534,533,525,523,522,495,519,505,502,496,441,439,436,431,427,417,401,396,378,377,376,361,360,359,355,351,338,333,325,322,316,306,305,304,307,308,272,271,34,42,43,44,57,59,71,72,73,75,76,83,84,85,86,87,105,106,107,124,125,134,135,136,137,138,143,158,159,168,169,170,171,177,194,195,196,203,212,226,261,240,257,258,259,199,198,197,153,152,151,150,149,148,147,146,145,61,58,56,55,52,51,50,49,48,47,46,41,40,39,38,37,36,35,33,32,31,30,-1,
647,642,641,634,633,632,631,625,620,619,618,617,612,609,594,585,569,559,546,543,534,533,529,525,519,505,502,496,441,439,436,431,427,417,401,397,396,380,378,361,360,359,355,351,338,333,322,318,316,306,305,304,286,283,269,34,168,169,170,171,240,42,43,44,57,59,143,71,72,73,124,125,158,75,76,105,106,107,159,83,84,85,86,87,177,134,135,136,137,138,203,194,195,196,212,226,261,257,258,259,271,272,-1,
647,642,641,634,633,632,631,625,620,619,618,617,612,609,594,586,585,493,481,478,463,461,455,451,450,449,448,569,559,546,543,534,533,529,525,519,505,502,496,441,439,436,431,427,417,401,397,396,380,378,361,360,359,355,351,338,333,322,318,316,306,305,304,286,283,269,34,168,169,170,171,240,42,43,44,57,59,143,71,72,73,124,125,158,75,76,105,106,107,159,83,84,85,86,87,177,134,135,136,137,138,203,194,195,196,212,226,261,257,258,259,271,272,-1,
642,634,633,632,631,625,620,619,618,617,609,594,569,546,543,534,533,525,523,522,495,519,505,502,496,441,439,436,431,427,417,401,396,378,377,376,361,360,359,355,351,338,333,325,322,316,306,305,304,307,308,272,271,34,42,43,44,57,59,71,72,73,75,76,83,84,85,86,87,105,106,107,124,125,134,135,136,137,138,143,158,159,168,169,170,171,177,194,195,196,203,212,226,261,240,257,258,259,199,198,197,153,152,151,150,149,148,147,146,145,61,58,56,55,52,51,50,49,48,47,46,41,40,39,38,37,36,35,33,32,31,30,-1,
633,634,641,632,631,625,620,619,618,617,612,609,594,585,569,559,546,543,534,533,529,525,519,505,502,496,441,439,436,431,427,417,401,397,396,380,378,361,360,359,355,351,338,333,322,318,316,306,305,304,286,283,269,34,168,169,170,171,240,42,43,44,57,59,143,71,72,73,124,125,158,75,76,105,106,107,159,83,84,85,86,87,177,134,135,136,137,138,203,194,195,196,212,226,261,257,258,259,271,272,-1,
633,634,641,632,631,625,620,619,618,617,612,609,594,586,585,493,481,478,463,461,455,451,450,449,448,569,559,546,543,534,533,529,525,519,505,502,496,441,439,436,431,427,417,401,397,396,380,378,361,360,359,355,351,338,333,322,318,316,306,305,304,286,283,269,34,168,169,170,171,240,42,43,44,57,59,143,71,72,73,124,125,158,75,76,105,106,107,159,83,84,85,86,87,177,134,135,136,137,138,203,194,195,196,212,226,261,257,258,259,271,272,-1,
645,644,589,588,587,533,496,138,143,523,522,495,377,376,325,307,308,199,198,197,153,152,151,150,149,148,147,146,145,61,58,56,55,52,51,50,49,48,47,46,41,40,39,38,37,36,35,33,32,31,30,-1,
649,618,448,496,338,158,125,124,73,72,71,447,446,445,444,443,200,144,131,129,523,522,495,377,376,325,307,308,199,198,197,153,152,151,150,149,148,147,146,145,61,58,56,55,52,51,50,49,48,47,46,41,40,39,38,37,36,35,33,32,31,30,-1,
649,618,448,496,338,158,125,124,73,72,71,447,446,445,444,443,239,238,237,523,522,495,377,376,325,307,308,199,198,197,153,152,151,150,149,148,147,146,145,61,58,56,55,52,51,50,49,48,47,46,41,40,39,38,37,36,35,33,32,31,30,-1,
397,316,261,170,138,57,589,589,589,332,332,332,314,314,314,276,276,276,228,228,228,239,238,237,200,144,131,131,131,129,523,522,495,377,376,325,307,308,199,198,197,153,152,151,150,149,148,147,146,145,61,58,56,55,52,51,50,49,48,47,46,41,40,39,38,37,36,35,33,32,31,30,-1,
648,451,448,618,534,525,427,261,645,523,522,495,377,376,325,307,308,199,198,197,153,152,151,150,149,148,147,146,145,61,58,56,55,52,51,50,49,48,47,46,41,40,39,38,37,36,35,33,32,31,30,-1,
649,647,642,641,634,633,632,631,625,620,619,618,617,594,585,569,546,534,533,529,525,523,522,495,519,505,502,496,439,436,431,427,417,401,396,380,377,376,361,360,359,355,351,338,325,322,318,316,306,305,304,307,308,272,271,269,34,42,43,44,57,59,71,72,73,75,76,83,84,85,86,87,105,106,107,124,125,134,135,136,137,138,143,158,159,168,169,170,171,177,194,195,196,203,212,226,261,240,257,258,259,199,198,197,153,152,151,150,149,148,147,146,145,61,58,56,55,52,51,50,49,48,47,46,41,40,39,38,37,36,35,33,32,31,30,-1,
649,647,642,634,633,632,631,625,620,619,618,617,609,594,569,546,543,534,533,525,523,522,495,519,505,502,496,441,439,436,431,427,417,401,396,378,377,376,361,360,359,355,351,338,333,325,322,316,306,305,304,307,308,272,271,34,42,43,44,57,59,71,72,73,75,76,83,84,85,86,87,105,106,107,124,125,134,135,136,137,138,143,158,159,168,169,170,171,177,194,195,196,203,212,226,261,240,257,258,259,199,198,197,153,152,151,150,149,148,147,146,145,61,58,56,55,52,51,50,49,48,47,46,41,40,39,38,37,36,35,33,32,31,30,-1,
649,647,642,641,634,633,632,631,625,620,619,618,617,612,609,594,585,569,559,546,543,534,533,529,525,519,505,502,496,441,439,436,431,427,417,401,397,396,380,378,361,360,359,355,351,338,333,322,318,316,306,305,304,286,283,269,34,168,169,170,171,240,42,43,44,57,59,143,71,72,73,124,125,158,75,76,105,106,107,159,83,84,85,86,87,177,134,135,136,137,138,203,194,195,196,212,226,261,257,258,259,271,272,-1,
649,647,642,641,634,633,632,631,625,620,619,618,617,612,609,594,586,585,493,481,478,463,461,455,451,450,449,448,569,559,546,543,534,533,529,525,519,505,502,496,441,439,436,431,427,417,401,397,396,380,378,361,360,359,355,351,338,333,322,318,316,306,305,304,286,283,269,34,168,169,170,171,240,42,43,44,57,59,143,71,72,73,124,125,158,75,76,105,106,107,159,83,84,85,86,87,177,134,135,136,137,138,203,194,195,196,212,226,261,257,258,259,271,272,-1,
633,634,642,641,632,631,625,620,619,618,617,594,585,569,546,534,533,529,525,523,522,495,519,505,502,496,439,436,431,427,417,401,396,380,377,376,361,360,359,355,351,338,325,322,318,316,306,305,304,307,308,272,271,269,34,42,43,44,57,59,71,72,73,75,76,83,84,85,86,87,105,106,107,124,125,134,135,136,137,138,143,158,159,168,169,170,171,177,194,195,196,203,212,226,261,240,257,258,259,199,198,197,153,152,151,150,149,148,147,146,145,61,58,56,55,52,51,50,49,48,47,46,41,40,39,38,37,36,35,33,32,31,30,-1,
397,316,261,170,138,57,589,332,314,276,228,239,238,237,200,144,131,129,523,522,495,377,376,325,307,308,199,198,197,153,152,151,150,149,148,147,146,145,61,58,56,55,52,51,50,49,48,47,46,41,40,39,38,37,36,35,33,32,31,30,-1,
655,478,359,360,361,401,569,631,447,446,445,444,443,200,144,131,129,523,522,495,377,376,325,307,308,199,198,197,153,152,151,150,149,148,147,146,145,61,58,56,55,52,51,50,49,48,47,46,41,40,39,38,37,36,35,33,32,31,30,-1,
655,478,359,360,361,401,569,631,447,446,445,444,443,239,238,237,523,522,495,377,376,325,307,308,199,198,197,153,152,151,150,149,148,147,146,145,61,58,56,55,52,51,50,49,48,47,46,41,40,39,38,37,36,35,33,32,31,30,-1,
655,649,647,642,641,634,633,632,631,625,620,619,618,617,594,585,569,546,534,533,529,525,523,522,495,519,505,502,496,439,436,431,427,417,401,396,380,377,376,361,360,359,355,351,338,325,322,318,316,306,305,304,307,308,272,271,269,34,42,43,44,57,59,71,72,73,75,76,83,84,85,86,87,105,106,107,124,125,134,135,136,137,138,143,158,159,168,169,170,171,177,194,195,196,203,212,226,261,240,257,258,259,199,198,197,153,152,151,150,149,148,147,146,145,61,58,56,55,52,51,50,49,48,47,46,41,40,39,38,37,36,35,33,32,31,30,-1,
655,649,647,642,634,633,632,631,625,620,619,618,617,609,594,569,546,543,534,533,525,523,522,495,519,505,502,496,441,439,436,431,427,417,401,396,378,377,376,361,360,359,355,351,338,333,325,322,316,306,305,304,307,308,272,271,34,42,43,44,57,59,71,72,73,75,76,83,84,85,86,87,105,106,107,124,125,134,135,136,137,138,143,158,159,168,169,170,171,177,194,195,196,203,212,226,261,240,257,258,259,199,198,197,153,152,151,150,149,148,147,146,145,61,58,56,55,52,51,50,49,48,47,46,41,40,39,38,37,36,35,33,32,31,30,-1,
655,649,647,642,641,634,633,632,631,625,620,619,618,617,612,609,594,585,569,559,546,543,534,533,529,525,519,505,502,496,441,439,436,431,427,417,401,397,396,380,378,361,360,359,355,351,338,333,322,318,316,306,305,304,286,283,269,34,168,169,170,171,240,42,43,44,57,59,143,71,72,73,124,125,158,75,76,105,106,107,159,83,84,85,86,87,177,134,135,136,137,138,203,194,195,196,212,226,261,257,258,259,271,272,-1,
655,649,647,642,641,634,633,632,631,625,620,619,618,617,612,609,594,586,585,493,481,478,463,461,455,451,450,449,448,569,559,546,543,534,533,529,525,519,505,502,496,441,439,436,431,427,417,401,397,396,380,378,361,360,359,355,351,338,333,322,318,316,306,305,304,286,283,269,34,168,169,170,171,240,42,43,44,57,59,143,71,72,73,124,125,158,75,76,105,106,107,159,83,84,85,86,87,177,134,135,136,137,138,203,194,195,196,212,226,261,257,258,259,271,272,-1,
330,331,595,332,654,523,522,495,377,376,325,307,308,199,198,197,153,152,151,150,149,148,147,146,145,61,58,56,55,52,51,50,49,48,47,46,41,40,39,38,37,36,35,33,32,31,30,-1,
330,331,595,332,332,332,332,654,523,522,495,377,376,325,307,308,199,198,197,153,152,151,150,149,148,147,146,145,61,58,56,55,52,51,50,49,48,47,46,41,40,39,38,37,36,35,33,32,31,30,-1,
648,644,614,595,589,588,587,586,584,570,566,565,564,563,526,494,438,354,332,331,330,314,310,302,276,275,274,243,242,241,230,229,228,523,522,495,377,376,325,307,308,199,198,197,153,152,151,150,149,148,147,146,145,61,58,56,55,52,51,50,49,48,47,46,41,40,39,38,37,36,35,33,32,31,30,-1,
657,655,649,647,642,641,634,633,632,631,625,620,619,618,617,609,594,585,569,546,543,534,533,529,525,519,505,502,496,441,439,436,431,427,417,401,396,380,378,361,360,359,355,351,338,333,322,318,316,306,305,304,272,271,269,261,259,258,257,240,226,212,203,196,195,194,177,171,170,169,168,159,158,143,138,137,136,135,134,125,124,107,106,105,87,86,85,84,83,76,75,73,72,71,59,57,44,43,42,34,523,522,495,377,376,325,307,308,199,198,197,153,152,151,150,149,148,147,146,145,61,58,56,55,52,51,50,49,48,47,46,41,40,39,38,37,36,35,33,32,31,30,-1,
657,655,649,647,642,634,633,632,631,625,620,619,618,617,609,594,569,546,543,534,533,525,523,522,495,519,505,502,496,441,439,436,431,427,417,401,396,378,377,376,361,360,359,355,351,338,333,325,322,316,306,305,304,307,308,272,271,34,42,43,44,57,59,71,72,73,75,76,83,84,85,86,87,105,106,107,124,125,134,135,136,137,138,143,158,159,168,169,170,171,177,194,195,196,203,212,226,261,240,257,258,259,199,198,197,153,152,151,150,149,148,147,146,145,61,58,56,55,52,51,50,49,48,47,46,41,40,39,38,37,36,35,33,32,31,30,-1,
657,655,649,647,642,641,634,633,632,631,625,620,619,618,617,612,609,594,585,569,559,546,543,534,533,529,525,519,505,502,496,441,439,436,431,427,417,401,397,396,380,378,361,360,359,355,351,338,333,322,318,316,306,305,304,286,283,269,34,168,169,170,171,240,42,43,44,57,59,143,71,72,73,124,125,158,75,76,105,106,107,159,83,84,85,86,87,177,134,135,136,137,138,203,194,195,196,212,226,261,257,258,259,271,272,-1,
657,655,649,647,642,641,634,633,632,631,625,620,619,618,617,612,609,594,586,585,493,481,478,463,461,455,451,450,449,448,569,559,546,543,534,533,529,525,519,505,502,496,441,439,436,431,427,417,401,397,396,380,378,361,360,359,355,351,338,333,322,318,316,306,305,304,286,283,269,34,168,169,170,171,240,42,43,44,57,59,143,71,72,73,124,125,158,75,76,105,106,107,159,83,84,85,86,87,177,134,135,136,137,138,203,194,195,196,212,226,261,257,258,259,271,272,-1,
661,634,396,360,358,322,662,523,522,495,377,376,325,307,308,199,198,197,153,152,151,150,149,148,147,146,145,61,58,56,55,52,51,50,49,48,47,46,41,40,39,38,37,36,35,33,32,31,30,-1,
660,620,505,450,396,177,87,86,85,84,83,447,446,445,444,443,200,144,131,129,523,522,495,377,376,325,307,308,199,198,197,153,152,151,150,149,148,147,146,145,61,58,56,55,52,51,50,49,48,47,46,41,40,39,38,37,36,35,33,32,31,30,-1,
660,620,505,450,396,177,87,86,85,84,83,447,446,445,444,443,239,238,237,523,522,495,377,376,325,307,308,199,198,197,153,152,151,150,149,148,147,146,145,61,58,56,55,52,51,50,49,48,47,46,41,40,39,38,37,36,35,33,32,31,30,-1,
660,657,655,649,647,642,634,633,632,631,625,620,619,618,617,609,594,569,546,543,534,533,525,523,522,495,519,505,502,496,441,439,436,431,427,417,401,396,378,377,376,361,360,359,355,351,338,333,325,322,316,306,305,304,307,308,272,271,34,42,43,44,57,59,71,72,73,75,76,83,84,85,86,87,105,106,107,124,125,134,135,136,137,138,143,158,159,168,169,170,171,177,194,195,196,203,212,226,261,240,257,258,259,199,198,197,153,152,151,150,149,148,147,146,145,61,58,56,55,52,51,50,49,48,47,46,41,40,39,38,37,36,35,33,32,31,30,-1,
660,657,655,649,647,642,641,634,633,632,631,625,620,619,618,617,612,609,594,585,569,559,546,543,534,533,529,525,519,505,502,496,441,439,436,431,427,417,401,397,396,380,378,361,360,359,355,351,338,333,322,318,316,306,305,304,286,283,269,34,168,169,170,171,240,42,43,44,57,59,143,71,72,73,124,125,158,75,76,105,106,107,159,83,84,85,86,87,177,134,135,136,137,138,203,194,195,196,212,226,261,257,258,259,271,272,-1,
660,657,655,649,647,642,641,634,633,632,631,625,620,619,618,617,612,609,594,586,585,493,481,478,463,461,455,451,450,449,448,569,559,546,543,534,533,529,525,519,505,502,496,441,439,436,431,427,417,401,397,396,380,378,361,360,359,355,351,338,333,322,318,316,306,305,304,286,283,269,34,168,169,170,171,240,42,43,44,57,59,143,71,72,73,124,125,158,75,76,105,106,107,159,83,84,85,86,87,177,134,135,136,137,138,203,194,195,196,212,226,261,257,258,259,271,272,-1,
448,455,544,625,619,614,607,569,496,396,355,286,257,194,135,59,589,523,522,495,377,376,325,307,308,199,198,197,153,152,151,150,149,148,147,146,145,61,58,56,55,52,51,50,49,48,47,46,41,40,39,38,37,36,35,33,32,31,30,-1,
451,450,493,463,620,618,595,417,359,335,283,271,212,203,169,107,57,276,523,522,495,377,376,325,307,308,199,198,197,153,152,151,150,149,148,147,146,145,61,58,56,55,52,51,50,49,48,47,46,41,40,39,38,37,36,35,33,32,31,30,-1,
481,478,461,449,631,617,594,588,397,357,272,226,177,170,136,125,75,332,523,522,495,377,376,325,307,308,199,198,197,153,152,151,150,149,148,147,146,145,61,58,56,55,52,51,50,49,48,47,46,41,40,39,38,37,36,35,33,32,31,30,-1,
666,667,614,566,566,566,565,565,565,564,563,523,522,495,494,438,354,275,274,276,276,276,377,376,325,307,308,199,198,197,153,152,151,150,149,148,147,146,145,61,58,56,55,52,51,50,49,48,47,46,41,40,39,38,37,36,35,33,32,31,30,-1,
668,617,519,455,427,143,59,57,44,43,42,447,446,445,444,443,200,144,131,129,523,522,495,377,376,325,307,308,199,198,197,153,152,151,150,149,148,147,146,145,61,58,56,55,52,51,50,49,48,47,46,41,40,39,38,37,36,35,33,32,31,30,-1,
668,617,519,455,427,143,59,57,44,43,42,447,446,445,444,443,239,238,237,523,522,495,377,376,325,307,308,199,198,197,153,152,151,150,149,148,147,146,145,61,58,56,55,52,51,50,49,48,47,46,41,40,39,38,37,36,35,33,32,31,30,-1,
660,655,649,647,642,641,634,633,632,631,625,620,619,618,617,594,585,569,546,534,533,529,525,523,522,495,519,505,502,496,439,436,431,427,417,401,396,380,377,376,361,360,359,355,351,338,325,322,318,316,306,305,304,307,308,272,271,269,34,42,43,44,57,59,71,72,73,75,76,83,84,85,86,87,105,106,107,124,125,134,135,136,137,138,143,158,159,168,169,170,171,177,194,195,196,203,212,226,261,240,257,258,259,199,198,197,153,152,151,150,149,148,147,146,145,61,58,56,55,52,51,50,49,48,47,46,41,40,39,38,37,36,35,33,32,31,30,-1,
668,660,657,655,649,647,642,634,633,632,631,625,620,619,618,617,609,594,569,546,543,534,533,525,523,522,495,519,505,502,496,441,439,436,431,427,417,401,396,378,377,376,361,360,359,355,351,338,333,325,322,316,306,305,304,307,308,272,271,34,42,43,44,57,59,71,72,73,75,76,83,84,85,86,87,105,106,107,124,125,134,135,136,137,138,143,158,159,168,169,170,171,177,194,195,196,203,212,226,261,240,257,258,259,199,198,197,153,152,151,150,149,148,147,146,145,61,58,56,55,52,51,50,49,48,47,46,41,40,39,38,37,36,35,33,32,31,30,-1,
668,660,657,655,649,647,642,641,634,633,632,631,625,620,619,618,617,612,609,594,585,569,559,546,543,534,533,529,525,519,505,502,496,441,439,436,431,427,417,401,397,396,380,378,361,360,359,355,351,338,333,322,318,316,306,305,304,286,283,269,34,168,169,170,171,240,42,43,44,57,59,143,71,72,73,124,125,158,75,76,105,106,107,159,83,84,85,86,87,177,134,135,136,137,138,203,194,195,196,212,226,261,257,258,259,271,272,-1,
668,660,657,655,649,647,642,641,634,633,632,631,625,620,619,618,617,612,609,594,586,585,493,481,478,463,461,455,451,450,449,448,569,559,546,543,534,533,529,525,519,505,502,496,441,439,436,431,427,417,401,397,396,380,378,361,360,359,355,351,338,333,322,318,316,306,305,304,286,283,269,34,168,169,170,171,240,42,43,44,57,59,143,71,72,73,124,125,158,75,76,105,106,107,159,83,84,85,86,87,177,134,135,136,137,138,203,194,195,196,212,226,261,257,258,259,271,272,-1,
612,544,493,481,478,463,461,455,451,450,449,448,661,647,633,588,563,496,336,330,259,242,230,212,143,522,377,307,199,153,152,151,150,61,40,39,36,35,33,32,31,30,523,495,376,325,308,198,197,149,148,147,146,145,58,56,55,52,51,50,49,48,47,46,41,38,37,-1,
671,600,599,598,597,596,672,672,601,601,602,602,603,603,605,605,605,605,605,605,605,605,605,605,522,377,307,199,153,152,151,150,61,40,39,36,35,33,32,31,30,523,495,376,325,308,198,197,149,148,147,146,145,58,56,55,52,51,50,49,48,47,46,41,38,37,-1,
668,660,655,649,647,642,641,634,633,632,631,625,620,619,618,617,594,585,569,546,534,533,529,525,523,522,495,519,505,502,496,439,436,431,427,417,401,396,380,377,376,361,360,359,355,351,338,325,322,318,316,306,305,304,307,308,272,271,269,34,42,43,44,57,59,71,72,73,75,76,83,84,85,86,87,105,106,107,124,125,134,135,136,137,138,143,158,159,168,169,170,171,177,194,195,196,203,212,226,261,240,257,258,259,199,198,197,153,152,151,150,149,148,147,146,145,61,58,56,55,52,51,50,49,48,47,46,41,40,39,38,37,36,35,33,32,31,30,-1,
666,667,614,566,565,564,563,523,522,495,494,438,354,275,274,276,377,376,325,307,308,199,198,197,153,152,151,150,149,148,147,146,145,61,58,56,55,52,51,50,49,48,47,46,41,40,39,38,37,36,35,33,32,31,30,-1,
666,661,648,644,614,595,589,588,587,586,584,570,566,565,564,563,526,494,438,354,332,331,330,314,310,302,276,275,274,243,242,241,230,229,228,523,522,495,377,376,325,307,308,199,198,197,153,152,151,150,149,148,147,146,145,61,58,56,55,52,51,50,49,48,47,46,41,40,39,38,37,36,35,33,32,31,30,-1,
674,632,594,523,522,495,463,447,446,445,444,443,417,377,376,355,325,306,305,304,307,308,200,144,131,129,199,198,197,153,152,151,150,149,148,147,146,145,61,58,56,55,52,51,50,49,48,47,46,41,40,39,38,37,36,35,33,32,31,30,-1,
674,632,594,523,522,495,463,447,446,445,444,443,417,377,376,355,325,306,305,304,307,308,239,238,237,199,198,197,153,152,151,150,149,148,147,146,145,61,58,56,55,52,51,50,49,48,47,46,41,40,39,38,37,36,35,33,32,31,30,-1,
674,668,660,655,649,647,642,641,634,633,632,631,625,620,619,618,617,594,585,569,546,534,533,529,525,523,522,495,519,505,502,496,439,436,431,427,417,401,396,380,377,376,361,360,359,355,351,338,325,322,318,316,306,305,304,307,308,272,271,269,34,42,43,44,57,59,71,72,73,75,76,83,84,85,86,87,105,106,107,124,125,134,135,136,137,138,143,158,159,168,169,170,171,177,194,195,196,203,212,226,261,240,257,258,259,199,198,197,153,152,151,150,149,148,147,146,145,61,58,56,55,52,51,50,49,48,47,46,41,40,39,38,37,36,35,33,32,31,30,-1,
674,668,660,657,655,649,647,642,641,634,633,632,631,625,620,619,618,617,612,609,594,585,569,559,546,543,534,533,529,525,519,505,502,496,441,439,436,431,427,417,401,397,396,380,378,361,360,359,355,351,338,333,322,318,316,306,305,304,286,283,269,34,168,169,170,171,240,42,43,44,57,59,143,71,72,73,124,125,158,75,76,105,106,107,159,83,84,85,86,87,177,134,135,136,137,138,203,194,195,196,212,226,261,257,258,259,271,272,-1,
674,668,660,657,655,649,647,642,641,634,633,632,631,625,620,619,618,617,612,609,594,586,585,493,481,478,463,461,455,451,450,449,448,569,559,546,543,534,533,529,525,519,505,502,496,441,439,436,431,427,417,401,397,396,380,378,361,360,359,355,351,338,333,322,318,316,306,305,304,286,283,269,34,168,169,170,171,240,42,43,44,57,59,143,71,72,73,124,125,158,75,76,105,106,107,159,83,84,85,86,87,177,134,135,136,137,138,203,194,195,196,212,226,261,257,258,259,271,272,-1,
671,600,599,598,597,596,672,601,602,603,605,522,377,307,199,153,152,151,150,61,40,39,36,35,33,32,31,30,523,495,376,325,308,198,197,149,148,147,146,145,58,56,55,52,51,50,49,48,47,46,41,38,37,-1,
668,660,657,655,649,647,642,641,634,633,632,631,625,620,619,618,617,609,594,585,569,546,543,534,533,529,525,519,505,502,496,441,439,436,431,427,417,401,396,380,378,361,360,359,355,351,338,333,322,318,316,306,305,304,272,271,269,261,259,258,257,240,226,212,203,196,195,194,177,171,170,169,168,159,158,143,138,137,136,135,134,125,124,107,106,105,87,86,85,84,83,76,75,73,72,71,59,57,44,43,42,34,523,522,495,377,376,325,307,308,199,198,197,153,152,151,150,149,148,147,146,145,61,58,56,55,52,51,50,49,48,47,46,41,40,39,38,37,36,35,33,32,31,30,-1,
674,668,660,657,655,649,647,642,634,633,632,631,625,620,619,618,617,609,594,569,546,543,534,533,525,523,522,495,519,505,502,496,441,439,436,431,427,417,401,396,378,377,376,361,360,359,355,351,338,333,325,322,316,306,305,304,307,308,272,271,34,42,43,44,57,59,71,72,73,75,76,83,84,85,86,87,105,106,107,124,125,134,135,136,137,138,143,158,159,168,169,170,171,177,194,195,196,203,212,226,261,240,257,258,259,199,198,197,153,152,151,150,149,148,147,146,145,61,58,56,55,52,51,50,49,48,47,46,41,40,39,38,37,36,35,33,32,31,30,-1,
682,607,544,523,522,495,447,446,445,444,443,377,376,358,357,336,335,334,200,144,131,129,325,307,308,199,198,197,153,152,151,150,149,148,147,146,145,61,58,56,55,52,51,50,49,48,47,46,41,40,39,38,37,36,35,33,32,31,30,-1,
682,607,544,523,522,495,447,446,445,444,443,377,376,358,357,336,335,334,239,238,237,325,307,308,199,198,197,153,152,151,150,149,148,147,146,145,61,58,56,55,52,51,50,49,48,47,46,41,40,39,38,37,36,35,33,32,31,30,-1,
684,683,654,629,570,523,522,495,377,376,302,230,229,228,228,228,228,325,307,308,199,198,197,153,152,151,150,149,148,147,146,145,61,58,56,55,52,51,50,49,48,47,46,41,40,39,38,37,36,35,33,32,31,30,-1,
510,680,574,573,517,516,514,512,576,576,576,576,576,576,580,580,580,579,579,579,578,578,578,577,577,577,523,522,495,377,376,325,307,308,199,198,197,153,152,151,150,149,148,147,146,145,61,58,56,55,52,51,50,49,48,47,46,41,40,39,38,37,36,35,33,32,31,30,-1,
510,681,575,572,571,515,513,511,576,576,576,576,576,576,580,580,580,579,579,579,578,578,578,577,577,577,523,522,495,377,376,325,307,308,199,198,197,153,152,151,150,149,148,147,146,145,61,58,56,55,52,51,50,49,48,47,46,41,40,39,38,37,36,35,33,32,31,30,-1,
625,617,607,438,417,359,257,203,72,523,522,495,377,376,325,307,308,199,198,197,153,152,151,150,149,148,147,146,145,61,58,56,55,52,51,50,49,48,47,46,41,40,39,38,37,36,35,33,32,31,30,-1,
684,683,654,629,570,523,522,495,377,376,302,230,229,228,325,307,308,199,198,197,153,152,151,150,149,148,147,146,145,61,58,56,55,52,51,50,49,48,47,46,41,40,39,38,37,36,35,33,32,31,30,-1,
436,44,618,106,85,136,533,272,594,335,359,435,641,520,523,522,495,377,376,325,307,308,199,198,197,153,152,151,150,149,148,147,146,145,61,58,56,55,52,51,50,49,48,47,46,41,40,39,38,37,36,35,33,32,31,30,-1,
436,44,618,106,85,136,533,272,594,335,359,484,657,520,523,522,495,377,376,325,307,308,199,198,197,153,152,151,150,149,148,147,146,145,61,58,56,55,52,51,50,49,48,47,46,41,40,39,38,37,36,35,33,32,31,30,-1,
448,455,544,169,519,649,619,505,633,195,316,305,334,361,661,286,636,523,522,495,377,376,325,307,308,199,198,197,153,152,151,150,149,148,147,146,145,61,58,56,55,52,51,50,49,48,47,46,41,40,39,38,37,36,35,33,32,31,30,-1,
450,451,493,463,171,59,72,502,660,322,634,534,594,358,401,648,283,654,523,522,495,377,376,325,307,308,199,198,197,153,152,151,150,149,148,147,146,145,61,58,56,55,52,51,50,49,48,47,46,41,40,39,38,37,36,35,33,32,31,30,-1,
461,449,481,478,170,617,158,351,87,525,431,258,632,336,655,644,397,629,523,522,495,377,376,325,307,308,199,198,197,153,152,151,150,149,148,147,146,145,61,58,56,55,52,51,50,49,48,47,46,41,40,39,38,37,36,35,33,32,31,30,-1,
686,668,649,647,660,674,682,655,129,131,144,200,237,238,239,523,522,495,377,376,325,307,308,199,198,197,153,152,151,150,149,148,147,146,145,61,58,56,55,52,51,50,49,48,47,46,41,40,39,38,37,36,35,33,32,31,30,-1,
683,666,661,648,644,614,595,589,588,587,586,584,570,566,565,564,563,526,494,438,354,332,331,330,314,310,302,276,275,274,243,242,241,230,229,228,523,522,495,377,376,325,307,308,199,198,197,153,152,151,150,149,148,147,146,145,61,58,56,55,52,51,50,49,48,47,46,41,40,39,38,37,36,35,33,32,31,30,-1,
686,674,668,660,657,655,649,647,642,641,634,633,632,631,625,620,619,618,617,612,609,594,585,569,559,546,543,534,533,529,525,519,505,502,496,441,439,436,431,427,417,401,397,396,380,378,361,360,359,355,351,338,333,322,318,316,306,305,304,286,283,269,34,168,169,170,171,240,42,43,44,57,59,143,71,72,73,124,125,158,75,76,105,106,107,159,83,84,85,86,87,177,134,135,136,137,138,203,194,195,196,212,226,261,257,258,259,271,272,-1,
686,674,668,660,657,655,649,647,642,641,634,633,632,631,625,620,619,618,617,612,609,594,586,585,493,481,478,463,461,455,451,450,449,448,569,559,546,543,534,533,529,525,519,505,502,496,441,439,436,431,427,417,401,397,396,380,378,361,360,359,355,351,338,333,322,318,316,306,305,304,286,283,269,34,168,169,170,171,240,42,43,44,57,59,143,71,72,73,124,125,158,75,76,105,106,107,159,83,84,85,86,87,177,134,135,136,137,138,203,194,195,196,212,226,261,257,258,259,271,272,-1,
687,584,526,310,243,242,241,688,662,636,523,522,495,377,376,325,307,308,199,198,197,153,152,151,150,149,148,147,146,145,61,58,56,55,52,51,50,49,48,47,46,41,40,39,38,37,36,35,33,32,31,30,-1,
510,680,574,573,517,516,514,512,576,580,579,578,577,523,522,495,377,376,325,307,308,199,198,197,153,152,151,150,149,148,147,146,145,61,58,56,55,52,51,50,49,48,47,46,41,40,39,38,37,36,35,33,32,31,30,-1,
510,681,575,572,571,515,513,511,576,580,579,578,577,523,522,495,377,376,325,307,308,199,198,197,153,152,151,150,149,148,147,146,145,61,58,56,55,52,51,50,49,48,47,46,41,40,39,38,37,36,35,33,32,31,30,-1,
687,683,666,661,648,644,614,595,589,588,587,586,584,570,566,565,564,563,526,494,438,354,332,331,330,314,310,302,276,275,274,243,242,241,230,229,228,523,522,495,377,376,325,307,308,199,198,197,153,152,151,150,149,148,147,146,145,61,58,56,55,52,51,50,49,48,47,46,41,40,39,38,37,36,35,33,32,31,30,-1,
484,435,690,674,668,660,657,655,649,647,642,641,634,633,632,631,625,620,619,618,617,609,594,585,569,546,543,534,533,529,525,519,505,502,496,441,439,436,431,427,417,401,396,380,378,361,360,359,355,351,338,333,322,318,316,306,305,304,272,271,269,261,259,258,257,240,226,212,203,196,195,194,177,171,170,169,168,159,158,143,138,137,136,135,134,125,124,107,106,105,87,86,85,84,83,76,75,73,72,71,59,57,44,43,42,34,520,523,522,495,377,376,325,307,308,199,198,197,153,152,151,150,149,148,147,146,145,61,58,56,55,52,51,50,49,48,47,46,41,40,39,38,37,36,35,33,32,31,30,-1,
449,451,455,546,519,72,75,660,134,194,642,594,682,360,314,314,314,314,314,523,522,495,377,376,325,307,308,199,198,197,153,152,151,150,149,148,147,146,145,61,58,56,55,52,51,50,49,48,47,46,41,40,39,38,37,36,35,33,32,31,30,-1,
690,686,674,668,660,657,655,649,647,642,641,634,633,632,631,625,620,619,618,617,612,609,594,585,569,559,546,543,534,533,529,525,519,505,502,496,441,439,436,431,427,417,401,397,396,380,378,361,360,359,355,351,338,333,322,318,316,306,305,304,286,283,269,34,168,169,170,171,240,42,43,44,57,59,143,71,72,73,124,125,158,75,76,105,106,107,159,83,84,85,86,87,177,134,135,136,137,138,203,194,195,196,212,226,261,257,258,259,271,272,-1,
690,686,674,668,660,657,655,649,647,642,641,634,633,632,631,625,620,619,618,617,612,609,594,586,585,493,481,478,463,461,455,451,450,449,448,569,559,546,543,534,533,529,525,519,505,502,496,441,439,436,431,427,417,401,397,396,380,378,361,360,359,355,351,338,333,322,318,316,306,305,304,286,283,269,34,168,169,170,171,240,42,43,44,57,59,143,71,72,73,124,125,158,75,76,105,106,107,159,83,84,85,86,87,177,134,135,136,137,138,203,194,195,196,212,226,261,257,258,259,271,272,-1,
690,674,668,660,657,655,649,647,642,641,634,633,632,631,625,620,619,618,617,609,594,585,569,546,543,534,533,529,525,519,505,502,496,441,439,436,431,427,417,401,396,380,378,361,360,359,355,351,338,333,322,318,316,306,305,304,272,271,269,261,259,258,257,240,226,212,203,196,195,194,177,171,170,169,168,159,158,143,138,137,136,135,134,125,124,107,106,105,87,86,85,84,83,76,75,73,72,71,59,57,44,43,42,34,523,522,495,377,376,325,307,308,199,198,197,153,152,151,150,149,148,147,146,145,61,58,56,55,52,51,50,49,48,47,46,41,40,39,38,37,36,35,33,32,31,30,-1
158,212,357,619,587,588,644,589,589,589,589,645,667,694,523,522,495,377,376,325,307,308,199,198,197,153,152,151,150,149,148,147,146,145,61,58,56,55,52,51,50,49,48,47,46,41,40,39,38,37,36,35,33,32,31,30,-1,
693,648,642,427,261,525,73,645,667,694,523,522,495,377,376,325,307,308,199,198,197,153,152,151,150,149,148,147,146,145,61,58,56,55,52,51,50,49,48,47,46,41,40,39,38,37,36,35,33,32,31,30,-1,
690,674,668,660,655,649,647,642,641,634,633,632,631,625,620,619,618,617,594,585,569,546,534,533,529,525,523,522,495,519,505,502,496,439,436,431,427,417,401,396,380,377,376,361,360,359,355,351,338,325,322,318,316,306,305,304,307,308,272,271,269,34,42,43,44,57,59,71,72,73,75,76,83,84,85,86,87,105,106,107,124,125,134,135,136,137,138,143,158,159,168,169,170,171,177,194,195,196,203,212,226,261,240,257,258,259,199,198,197,153,152,151,150,149,148,147,146,145,61,58,56,55,52,51,50,49,48,47,46,41,40,39,38,37,36,35,33,32,31,30,-1,
362,363,364,365,366,367,368,456,460,460,460,460,460,460,370,370,370,371,371,371,372,372,372,458,458,458,459,459,459,523,522,495,377,376,325,307,308,199,198,197,153,152,151,150,149,148,147,146,145,61,58,56,55,52,51,50,49,48,47,46,41,40,39,38,37,36,35,33,32,31,30,-1,
692,633,525,451,322,203,138,137,136,135,134,447,446,445,444,443,200,144,131,129,523,522,495,377,376,325,307,308,199,198,197,153,152,151,150,149,148,147,146,145,61,58,56,55,52,51,50,49,48,47,46,41,40,39,38,37,36,35,33,32,31,30,-1,
692,633,525,451,322,203,138,137,136,135,134,447,446,445,444,443,239,238,237,523,522,495,377,376,325,307,308,199,198,197,153,152,151,150,149,148,147,146,145,61,58,56,55,52,51,50,49,48,47,46,41,40,39,38,37,36,35,33,32,31,30,-1,
692,690,674,668,660,655,649,647,642,641,634,633,632,631,625,620,619,618,617,594,585,569,546,534,533,529,525,523,522,495,519,505,502,496,439,436,431,427,417,401,396,380,377,376,361,360,359,355,351,338,325,322,318,316,306,305,304,307,308,272,271,269,34,42,43,44,57,59,71,72,73,75,76,83,84,85,86,87,105,106,107,124,125,134,135,136,137,138,143,158,159,168,169,170,171,177,194,195,196,203,212,226,261,240,257,258,259,199,198,197,153,152,151,150,149,148,147,146,145,61,58,56,55,52,51,50,49,48,47,46,41,40,39,38,37,36,35,33,32,31,30,-1,
692,674,668,660,657,655,649,647,642,634,633,632,631,625,620,619,618,617,609,594,569,546,543,534,533,525,523,522,495,519,505,502,496,441,439,436,431,427,417,401,396,378,377,376,361,360,359,355,351,338,333,325,322,316,306,305,304,307,308,272,271,34,42,43,44,57,59,71,72,73,75,76,83,84,85,86,87,105,106,107,124,125,134,135,136,137,138,143,158,159,168,169,170,171,177,194,195,196,203,212,226,261,240,257,258,259,199,198,197,153,152,151,150,149,148,147,146,145,61,58,56,55,52,51,50,49,48,47,46,41,40,39,38,37,36,35,33,32,31,30,-1,
692,690,686,674,668,660,657,655,649,647,642,641,634,633,632,631,625,620,619,618,617,612,609,594,585,569,559,546,543,534,533,529,525,519,505,502,496,441,439,436,431,427,417,401,397,396,380,378,361,360,359,355,351,338,333,322,318,316,306,305,304,286,283,269,34,168,169,170,171,240,42,43,44,57,59,143,71,72,73,124,125,158,75,76,105,106,107,159,83,84,85,86,87,177,134,135,136,137,138,203,194,195,196,212,226,261,257,258,259,271,272,-1,
692,690,686,674,668,660,657,655,649,647,642,641,634,633,632,631,625,620,619,618,617,612,609,594,586,585,493,481,478,463,461,455,451,450,449,448,569,559,546,543,534,533,529,525,519,505,502,496,441,439,436,431,427,417,401,397,396,380,378,361,360,359,355,351,338,333,322,318,316,306,305,304,286,283,269,34,168,169,170,171,240,42,43,44,57,59,143,71,72,73,124,125,158,75,76,105,106,107,159,83,84,85,86,87,177,134,135,136,137,138,203,194,195,196,212,226,261,257,258,259,271,272,-1,
158,212,357,619,587,588,644,589,645,667,694,523,522,495,377,376,325,307,308,199,198,197,153,152,151,150,149,148,147,146,145,61,58,56,55,52,51,50,49,48,47,46,41,40,39,38,37,36,35,33,32,31,30,-1,
693,687,683,666,661,648,644,614,595,589,588,587,586,584,570,566,565,564,563,526,494,438,354,332,331,330,314,310,302,276,275,274,243,242,241,230,229,228,523,522,495,377,376,325,307,308,199,198,197,153,152,151,150,149,148,147,146,145,61,58,56,55,52,51,50,49,48,47,46,41,40,39,38,37,36,35,33,32,31,30,-1,
699,330,331,595,332,332,332,332,684,654,629,523,522,495,377,376,325,307,308,199,198,197,153,152,151,150,149,148,147,146,145,61,58,56,55,52,51,50,49,48,47,46,41,40,39,38,37,36,35,33,32,31,30,-1,
698,634,533,481,431,261,226,212,196,195,194,447,446,445,444,443,200,144,131,129,523,522,495,377,376,325,307,308,199,198,197,153,152,151,150,149,148,147,146,145,61,58,56,55,52,51,50,49,48,47,46,41,40,39,38,37,36,35,33,32,31,30,-1,
698,634,533,481,431,261,226,212,196,195,194,447,446,445,444,443,239,238,237,523,522,495,377,376,325,307,308,199,198,197,153,152,151,150,149,148,147,146,145,61,58,56,55,52,51,50,49,48,47,46,41,40,39,38,37,36,35,33,32,31,30,-1,
698,692,690,674,668,660,655,649,647,642,641,634,633,632,631,625,620,619,618,617,594,585,569,546,534,533,529,525,523,522,495,519,505,502,496,439,436,431,427,417,401,396,380,377,376,361,360,359,355,351,338,325,322,318,316,306,305,304,307,308,272,271,269,34,42,43,44,57,59,71,72,73,75,76,83,84,85,86,87,105,106,107,124,125,134,135,136,137,138,143,158,159,168,169,170,171,177,194,195,196,203,212,226,261,240,257,258,259,199,198,197,153,152,151,150,149,148,147,146,145,61,58,56,55,52,51,50,49,48,47,46,41,40,39,38,37,36,35,33,32,31,30,-1,
698,692,674,668,660,657,655,649,647,642,634,633,632,631,625,620,619,618,617,609,594,569,546,543,534,533,525,523,522,495,519,505,502,496,441,439,436,431,427,417,401,396,378,377,376,361,360,359,355,351,338,333,325,322,316,306,305,304,307,308,272,271,34,42,43,44,57,59,71,72,73,75,76,83,84,85,86,87,105,106,107,124,125,134,135,136,137,138,143,158,159,168,169,170,171,177,194,195,196,203,212,226,261,240,257,258,259,199,198,197,153,152,151,150,149,148,147,146,145,61,58,56,55,52,51,50,49,48,47,46,41,40,39,38,37,36,35,33,32,31,30,-1,
698,692,690,686,674,668,660,657,655,649,647,642,641,634,633,632,631,625,620,619,618,617,612,609,594,585,569,559,546,543,534,533,529,525,519,505,502,496,441,439,436,431,427,417,401,397,396,380,378,361,360,359,355,351,338,333,322,318,316,306,305,304,286,283,269,34,168,169,170,171,240,42,43,44,57,59,143,71,72,73,124,125,158,75,76,105,106,107,159,83,84,85,86,87,177,134,135,136,137,138,203,194,195,196,212,226,261,257,258,259,271,272,-1,
698,692,690,686,674,668,660,657,655,649,647,642,641,634,633,632,631,625,620,619,618,617,612,609,594,586,585,493,481,478,463,461,455,451,450,449,448,569,559,546,543,534,533,529,525,519,505,502,496,441,439,436,431,427,417,401,397,396,380,378,361,360,359,355,351,338,333,322,318,316,306,305,304,286,283,269,34,168,169,170,171,240,42,43,44,57,59,143,71,72,73,124,125,158,75,76,105,106,107,159,83,84,85,86,87,177,134,135,136,137,138,203,194,195,196,212,226,261,257,258,259,271,272,-1,
699,330,331,595,332,684,654,629,523,522,495,377,376,325,307,308,199,198,197,153,152,151,150,149,148,147,146,145,61,58,56,55,52,51,50,49,48,47,46,41,40,39,38,37,36,35,33,32,31,30,-1,
362,363,364,365,366,367,368,456,460,370,371,372,458,459,523,522,495,377,376,325,307,308,199,198,197,153,152,151,150,149,148,147,146,145,61,58,56,55,52,51,50,49,48,47,46,41,40,39,38,37,36,35,33,32,31,30,-1,
705,698,692,690,674,668,660,657,655,649,647,642,641,634,633,632,631,625,620,619,618,617,609,594,585,569,546,543,534,533,529,525,519,505,502,496,441,439,436,431,427,417,401,396,380,378,361,360,359,355,351,338,333,322,318,316,306,305,304,272,271,269,261,259,258,257,240,226,212,203,196,195,194,177,171,170,169,168,159,158,143,138,137,136,135,134,125,124,107,106,105,87,86,85,84,83,76,75,73,72,71,59,57,44,43,42,34,523,522,495,377,376,325,307,308,199,198,197,153,152,151,150,149,148,147,146,145,61,58,56,55,52,51,50,49,48,47,46,41,40,39,38,37,36,35,33,32,31,30,-1,
705,698,692,674,668,660,657,655,649,647,642,634,633,632,631,625,620,619,618,617,609,594,569,546,543,534,533,525,523,522,495,519,505,502,496,441,439,436,431,427,417,401,396,378,377,376,361,360,359,355,351,338,333,325,322,316,306,305,304,307,308,272,271,34,42,43,44,57,59,71,72,73,75,76,83,84,85,86,87,105,106,107,124,125,134,135,136,137,138,143,158,159,168,169,170,171,177,194,195,196,203,212,226,261,240,257,258,259,199,198,197,153,152,151,150,149,148,147,146,145,61,58,56,55,52,51,50,49,48,47,46,41,40,39,38,37,36,35,33,32,31,30,-1,
705,698,692,690,686,674,668,660,657,655,649,647,642,641,634,633,632,631,625,620,619,618,617,612,609,594,585,569,559,546,543,534,533,529,525,519,505,502,496,441,439,436,431,427,417,401,397,396,380,378,361,360,359,355,351,338,333,322,318,316,306,305,304,286,283,269,34,168,169,170,171,240,42,43,44,57,59,143,71,72,73,124,125,158,75,76,105,106,107,159,83,84,85,86,87,177,134,135,136,137,138,203,194,195,196,212,226,261,257,258,259,271,272,-1,
705,698,692,690,686,674,668,660,657,655,649,647,642,641,634,633,632,631,625,620,619,618,617,612,609,594,586,585,493,481,478,463,461,455,451,450,449,448,569,559,546,543,534,533,529,525,519,505,502,496,441,439,436,431,427,417,401,397,396,380,378,361,360,359,355,351,338,333,322,318,316,306,305,304,286,283,269,34,168,169,170,171,240,42,43,44,57,59,143,71,72,73,124,125,158,75,76,105,106,107,159,83,84,85,86,87,177,134,135,136,137,138,203,194,195,196,212,226,261,257,258,259,271,272,-1,
711,661,674,360,358,135,42,636,688,662,523,522,495,377,376,325,307,308,199,198,197,153,152,151,150,149,148,147,146,145,61,58,56,55,52,51,50,49,48,47,46,41,40,39,38,37,36,35,33,32,31,30,-1,
712,625,546,461,436,240,171,170,169,168,34,447,446,445,444,443,200,144,131,129,523,522,495,377,376,325,307,308,199,198,197,153,152,151,150,149,148,147,146,145,61,58,56,55,52,51,50,49,48,47,46,41,40,39,38,37,36,35,33,32,31,30,-1,
712,625,546,461,436,240,171,170,169,168,34,447,446,445,444,443,239,238,237,523,522,495,377,376,325,307,308,199,198,197,153,152,151,150,149,148,147,146,145,61,58,56,55,52,51,50,49,48,47,46,41,40,39,38,37,36,35,33,32,31,30,-1,
712,698,692,690,674,668,660,655,649,647,642,641,634,633,632,631,625,620,619,618,617,594,585,569,546,534,533,529,525,523,522,495,519,505,502,496,439,436,431,427,417,401,396,380,377,376,361,360,359,355,351,338,325,322,318,316,306,305,304,307,308,272,271,269,34,42,43,44,57,59,71,72,73,75,76,83,84,85,86,87,105,106,107,124,125,134,135,136,137,138,143,158,159,168,169,170,171,177,194,195,196,203,212,226,261,240,257,258,259,199,198,197,153,152,151,150,149,148,147,146,145,61,58,56,55,52,51,50,49,48,47,46,41,40,39,38,37,36,35,33,32,31,30,-1,
712,705,698,692,674,668,660,657,655,649,647,642,634,633,632,631,625,620,619,618,617,609,594,569,546,543,534,533,525,523,522,495,519,505,502,496,441,439,436,431,427,417,401,396,378,377,376,361,360,359,355,351,338,333,325,322,316,306,305,304,307,308,272,271,34,42,43,44,57,59,71,72,73,75,76,83,84,85,86,87,105,106,107,124,125,134,135,136,137,138,143,158,159,168,169,170,171,177,194,195,196,203,212,226,261,240,257,258,259,199,198,197,153,152,151,150,149,148,147,146,145,61,58,56,55,52,51,50,49,48,47,46,41,40,39,38,37,36,35,33,32,31,30,-1,
712,705,698,692,690,686,674,668,660,657,655,649,647,642,641,634,633,632,631,625,620,619,618,617,612,609,594,585,569,559,546,543,534,533,529,525,519,505,502,496,441,439,436,431,427,417,401,397,396,380,378,361,360,359,355,351,338,333,322,318,316,306,305,304,286,283,269,34,168,169,170,171,240,42,43,44,57,59,143,71,72,73,124,125,158,75,76,105,106,107,159,83,84,85,86,87,177,134,135,136,137,138,203,194,195,196,212,226,261,257,258,259,271,272,-1,
712,705,698,692,690,686,674,668,660,657,655,649,647,642,641,634,633,632,631,625,620,619,618,617,612,609,594,586,585,493,481,478,463,461,455,451,450,449,448,569,559,546,543,534,533,529,525,519,505,502,496,441,439,436,431,427,417,401,397,396,380,378,361,360,359,355,351,338,333,322,318,316,306,305,304,286,283,269,34,168,169,170,171,240,42,43,44,57,59,143,71,72,73,124,125,158,75,76,105,106,107,159,83,84,85,86,87,177,134,135,136,137,138,203,194,195,196,212,226,261,257,258,259,271,272,-1,
699,693,687,683,666,661,648,644,614,595,589,588,587,586,584,570,566,565,564,563,526,494,438,354,332,331,330,314,310,302,276,275,274,243,242,241,230,229,228,523,522,495,377,376,325,307,308,199,198,197,153,152,151,150,149,148,147,146,145,61,58,56,55,52,51,50,49,48,47,46,41,40,39,38,37,36,35,33,32,31,30,-1,
709,552,552,552,523,522,495,488,487,491,490,489,416,415,414,413,412,411,410,409,408,408,408,407,407,407,406,406,406,377,376,325,307,308,199,198,197,153,152,151,150,149,148,147,146,145,61,58,56,55,52,51,50,49,48,47,46,41,40,39,38,37,36,35,33,32,31,30,-1,
710,552,552,552,551,550,549,548,547,491,490,489,411,410,409,408,408,408,407,407,407,406,406,406,523,522,495,377,376,325,307,308,199,198,197,153,152,151,150,149,148,147,146,145,61,58,56,55,52,51,50,49,48,47,46,41,40,39,38,37,36,35,33,32,31,30,-1,
709,412,413,414,415,416,487,488,409,410,411,489,490,491,30,31,32,33,35,36,39,40,61,150,151,152,153,199,307,377,522,406,407,408,552,37,38,41,46,47,48,49,50,51,52,55,56,58,145,146,147,148,149,197,198,308,325,376,495,523,-1,
710,551,550,549,548,547,409,410,411,489,490,491,30,31,32,33,35,36,39,40,61,150,151,152,153,199,307,377,522,406,407,408,552,37,38,41,46,47,48,49,50,51,52,55,56,58,145,146,147,148,149,197,198,308,325,376,495,523,-1,
714,645,694,666,667,614,566,566,566,565,565,565,564,563,523,522,495,494,438,354,275,274,276,276,276,377,376,325,307,308,199,198,197,153,152,151,150,149,148,147,146,145,61,58,56,55,52,51,50,49,48,47,46,41,40,39,38,37,36,35,33,32,31,30,-1,
715,674,632,594,523,522,495,463,447,446,445,444,443,417,377,376,355,325,306,305,304,307,308,200,144,131,129,199,198,197,153,152,151,150,149,148,147,146,145,61,58,56,55,52,51,50,49,48,47,46,41,40,39,38,37,36,35,33,32,31,30,-1,
715,674,632,594,523,522,495,463,447,446,445,444,443,417,377,376,355,325,306,305,304,307,308,239,238,237,199,198,197,153,152,151,150,149,148,147,146,145,61,58,56,55,52,51,50,49,48,47,46,41,40,39,38,37,36,35,33,32,31,30,-1,
715,712,698,692,690,674,668,660,655,649,647,642,641,634,633,632,631,625,620,619,618,617,594,585,569,546,534,533,529,525,523,522,495,519,505,502,496,439,436,431,427,417,401,396,380,377,376,361,360,359,355,351,338,325,322,318,316,306,305,304,307,308,272,271,269,34,42,43,44,57,59,71,72,73,75,76,83,84,85,86,87,105,106,107,124,125,134,135,136,137,138,143,158,159,168,169,170,171,177,194,195,196,203,212,226,261,240,257,258,259,199,198,197,153,152,151,150,149,148,147,146,145,61,58,56,55,52,51,50,49,48,47,46,41,40,39,38,37,36,35,33,32,31,30,-1,
715,712,705,698,692,674,668,660,657,655,649,647,642,634,633,632,631,625,620,619,618,617,609,594,569,546,543,534,533,525,523,522,495,519,505,502,496,441,439,436,431,427,417,401,396,378,377,376,361,360,359,355,351,338,333,325,322,316,306,305,304,307,308,272,271,34,42,43,44,57,59,71,72,73,75,76,83,84,85,86,87,105,106,107,124,125,134,135,136,137,138,143,158,159,168,169,170,171,177,194,195,196,203,212,226,261,240,257,258,259,199,198,197,153,152,151,150,149,148,147,146,145,61,58,56,55,52,51,50,49,48,47,46,41,40,39,38,37,36,35,33,32,31,30,-1,
715,712,705,698,692,690,686,674,668,660,657,655,649,647,642,641,634,633,632,631,625,620,619,618,617,612,609,594,585,569,559,546,543,534,533,529,525,519,505,502,496,441,439,436,431,427,417,401,397,396,380,378,361,360,359,355,351,338,333,322,318,316,306,305,304,286,283,269,34,168,169,170,171,240,42,43,44,57,59,143,71,72,73,124,125,158,75,76,105,106,107,159,83,84,85,86,87,177,134,135,136,137,138,203,194,195,196,212,226,261,257,258,259,271,272,-1,
715,712,705,698,692,690,686,674,668,660,657,655,649,647,642,641,634,633,632,631,625,620,619,618,617,612,609,594,586,585,493,481,478,463,461,455,451,450,449,448,569,559,546,543,534,533,529,525,519,505,502,496,441,439,436,431,427,417,401,397,396,380,378,361,360,359,355,351,338,333,322,318,316,306,305,304,286,283,269,34,168,169,170,171,240,42,43,44,57,59,143,71,72,73,124,125,158,75,76,105,106,107,159,83,84,85,86,87,177,134,135,136,137,138,203,194,195,196,212,226,261,257,258,259,271,272,-1,
705,712,698,692,690,674,668,660,657,655,649,647,642,641,634,633,632,631,625,620,619,618,617,609,594,585,569,546,543,534,533,529,525,519,505,502,496,441,439,436,431,427,417,401,396,380,378,361,360,359,355,351,338,333,322,318,316,306,305,304,272,271,269,261,259,258,257,240,226,212,203,196,195,194,177,171,170,169,168,159,158,143,138,137,136,135,134,125,124,107,106,105,87,86,85,84,83,76,75,73,72,71,59,57,44,43,42,34,523,522,495,377,376,325,307,308,199,198,197,153,152,151,150,149,148,147,146,145,61,58,56,55,52,51,50,49,48,47,46,41,40,39,38,37,36,35,33,32,31,30,-1,
699,711,693,687,683,666,661,648,644,614,595,589,588,587,586,584,570,566,565,564,563,526,494,438,354,332,331,330,314,310,302,276,275,274,243,242,241,230,229,228,523,522,495,377,376,325,307,308,199,198,197,153,152,151,150,149,148,147,146,145,61,58,56,55,52,51,50,49,48,47,46,41,40,39,38,37,36,35,33,32,31,30,-1,
714,645,694,666,667,614,566,565,564,563,523,522,495,494,438,354,275,274,276,377,376,325,307,308,199,198,197,153,152,151,150,149,148,147,146,145,61,58,56,55,52,51,50,49,48,47,46,41,40,39,38,37,36,35,33,32,31,30,-1,
712,698,692,690,686,674,668,660,657,655,649,647,642,641,634,633,632,631,625,620,619,618,617,612,609,594,585,569,559,546,543,534,533,529,525,519,505,502,496,441,439,436,431,427,417,401,397,396,380,378,361,360,359,355,351,338,333,322,318,316,306,305,304,286,283,269,34,168,169,170,171,240,42,43,44,57,59,143,71,72,73,124,125,158,75,76,105,106,107,159,83,84,85,86,87,177,134,135,136,137,138,203,194,195,196,212,226,261,257,258,259,271,272,-1,
712,698,692,690,686,674,668,660,657,655,649,647,642,641,634,633,632,631,625,620,619,618,617,612,609,594,586,585,493,481,478,463,461,455,451,450,449,448,569,559,546,543,534,533,529,525,519,505,502,496,441,439,436,431,427,417,401,397,396,380,378,361,360,359,355,351,338,333,322,318,316,306,305,304,286,283,269,34,168,169,170,171,240,42,43,44,57,59,143,71,72,73,124,125,158,75,76,105,106,107,159,83,84,85,86,87,177,134,135,136,137,138,203,194,195,196,212,226,261,257,258,259,271,272,-1,
712,698,692,674,668,660,657,655,649,647,642,634,633,632,631,625,620,619,618,617,609,594,569,546,543,534,533,525,523,522,495,519,505,502,496,441,439,436,431,427,417,401,396,378,377,376,361,360,359,355,351,338,333,325,322,316,306,305,304,307,308,272,271,34,42,43,44,57,59,71,72,73,75,76,83,84,85,86,87,105,106,107,124,125,134,135,136,137,138,143,158,159,168,169,170,171,177,194,195,196,203,212,226,261,240,257,258,259,199,198,197,153,152,151,150,149,148,147,146,145,61,58,56,55,52,51,50,49,48,47,46,41,40,39,38,37,36,35,33,32,31,30,-1,
719,655,478,359,360,361,401,569,631,447,446,445,444,443,200,144,131,129,523,522,495,377,376,325,307,308,199,198,197,153,152,151,150,149,148,147,146,145,61,58,56,55,52,51,50,49,48,47,46,41,40,39,38,37,36,35,33,32,31,30,-1,
719,655,478,359,360,361,401,569,631,447,446,445,444,443,239,238,237,523,522,495,377,376,325,307,308,199,198,197,153,152,151,150,149,148,147,146,145,61,58,56,55,52,51,50,49,48,47,46,41,40,39,38,37,36,35,33,32,31,30,-1,
719,715,712,698,692,690,674,668,660,655,649,647,642,641,634,633,632,631,625,620,619,618,617,594,585,569,546,534,533,529,525,523,522,495,519,505,502,496,439,436,431,427,417,401,396,380,377,376,361,360,359,355,351,338,325,322,318,316,306,305,304,307,308,272,271,269,34,42,43,44,57,59,71,72,73,75,76,83,84,85,86,87,105,106,107,124,125,134,135,136,137,138,143,158,159,168,169,170,171,177,194,195,196,203,212,226,261,240,257,258,259,199,198,197,153,152,151,150,149,148,147,146,145,61,58,56,55,52,51,50,49,48,47,46,41,40,39,38,37,36,35,33,32,31,30,-1,
719,715,712,705,698,692,674,668,660,657,655,649,647,642,634,633,632,631,625,620,619,618,617,609,594,569,546,543,534,533,525,523,522,495,519,505,502,496,441,439,436,431,427,417,401,396,378,377,376,361,360,359,355,351,338,333,325,322,316,306,305,304,307,308,272,271,34,42,43,44,57,59,71,72,73,75,76,83,84,85,86,87,105,106,107,124,125,134,135,136,137,138,143,158,159,168,169,170,171,177,194,195,196,203,212,226,261,240,257,258,259,199,198,197,153,152,151,150,149,148,147,146,145,61,58,56,55,52,51,50,49,48,47,46,41,40,39,38,37,36,35,33,32,31,30,-1,
719,715,712,705,698,692,690,686,674,668,660,657,655,649,647,642,641,634,633,632,631,625,620,619,618,617,612,609,594,585,569,559,546,543,534,533,529,525,519,505,502,496,441,439,436,431,427,417,401,397,396,380,378,361,360,359,355,351,338,333,322,318,316,306,305,304,286,283,269,34,168,169,170,171,240,42,43,44,57,59,143,71,72,73,124,125,158,75,76,105,106,107,159,83,84,85,86,87,177,134,135,136,137,138,203,194,195,196,212,226,261,257,258,259,271,272,-1,
719,715,712,705,698,692,690,686,674,668,660,657,655,649,647,642,641,634,633,632,631,625,620,619,618,617,612,609,594,586,585,493,481,478,463,461,455,451,450,449,448,569,559,546,543,534,533,529,525,519,505,502,496,441,439,436,431,427,417,401,397,396,380,378,361,360,359,355,351,338,333,322,318,316,306,305,304,286,283,269,34,168,169,170,171,240,42,43,44,57,59,143,71,72,73,124,125,158,75,76,105,106,107,159,83,84,85,86,87,177,134,135,136,137,138,203,194,195,196,212,226,261,257,258,259,271,272,-1,
714,711,699,693,687,683,666,661,648,644,614,595,589,588,587,586,584,570,566,565,564,563,526,494,438,354,332,331,330,314,310,302,276,275,274,243,242,241,230,229,228,523,522,495,377,376,325,307,308,199,198,197,153,152,151,150,149,148,147,146,145,61,58,56,55,52,51,50,49,48,47,46,41,40,39,38,37,36,35,33,32,31,30,-1,
723,642,534,493,439,316,272,271,259,258,257,447,446,445,444,443,200,144,131,129,523,522,495,377,376,325,307,308,199,198,197,153,152,151,150,149,148,147,146,145,61,58,56,55,52,51,50,49,48,47,46,41,40,39,38,37,36,35,33,32,31,30,-1,
723,642,534,493,439,316,272,271,259,258,257,447,446,445,444,443,239,238,237,523,522,495,377,376,325,307,308,199,198,197,153,152,151,150,149,148,147,146,145,61,58,56,55,52,51,50,49,48,47,46,41,40,39,38,37,36,35,33,32,31,30,-1,
723,719,715,712,698,692,690,674,668,660,655,649,647,642,641,634,633,632,631,625,620,619,618,617,594,585,569,546,534,533,529,525,523,522,495,519,505,502,496,439,436,431,427,417,401,396,380,377,376,361,360,359,355,351,338,325,322,318,316,306,305,304,307,308,272,271,269,34,42,43,44,57,59,71,72,73,75,76,83,84,85,86,87,105,106,107,124,125,134,135,136,137,138,143,158,159,168,169,170,171,177,194,195,196,203,212,226,261,240,257,258,259,199,198,197,153,152,151,150,149,148,147,146,145,61,58,56,55,52,51,50,49,48,47,46,41,40,39,38,37,36,35,33,32,31,30,-1,
723,719,715,712,705,698,692,674,668,660,657,655,649,647,642,634,633,632,631,625,620,619,618,617,609,594,569,546,543,534,533,525,523,522,495,519,505,502,496,441,439,436,431,427,417,401,396,378,377,376,361,360,359,355,351,338,333,325,322,316,306,305,304,307,308,272,271,34,42,43,44,57,59,71,72,73,75,76,83,84,85,86,87,105,106,107,124,125,134,135,136,137,138,143,158,159,168,169,170,171,177,194,195,196,203,212,226,261,240,257,258,259,199,198,197,153,152,151,150,149,148,147,146,145,61,58,56,55,52,51,50,49,48,47,46,41,40,39,38,37,36,35,33,32,31,30,-1,
723,719,715,712,705,698,692,690,686,674,668,660,657,655,649,647,642,641,634,633,632,631,625,620,619,618,617,612,609,594,585,569,559,546,543,534,533,529,525,519,505,502,496,441,439,436,431,427,417,401,397,396,380,378,361,360,359,355,351,338,333,322,318,316,306,305,304,286,283,269,34,168,169,170,171,240,42,43,44,57,59,143,71,72,73,124,125,158,75,76,105,106,107,159,83,84,85,86,87,177,134,135,136,137,138,203,194,195,196,212,226,261,257,258,259,271,272,-1,
723,719,715,712,705,698,692,690,686,674,668,660,657,655,649,647,642,641,634,633,632,631,625,620,619,618,617,612,609,594,586,585,493,481,478,463,461,455,451,450,449,448,569,559,546,543,534,533,529,525,519,505,502,496,441,439,436,431,427,417,401,397,396,380,378,361,360,359,355,351,338,333,322,318,316,306,305,304,286,283,269,34,168,169,170,171,240,42,43,44,57,59,143,71,72,73,124,125,158,75,76,105,106,107,159,83,84,85,86,87,177,134,135,136,137,138,203,194,195,196,212,226,261,257,258,259,271,272,-1,
83,105,136,170,194,271,338,359,617,523,522,495,377,376,325,307,308,199,198,197,153,152,151,150,149,148,147,146,145,61,58,56,55,52,51,50,49,48,47,46,41,40,39,38,37,36,35,33,32,31,30,-1,
87,107,212,316,401,525,618,625,668,523,522,495,377,376,325,307,308,199,198,197,153,152,151,150,149,148,147,146,145,61,58,56,55,52,51,50,49,48,47,46,41,40,39,38,37,36,35,33,32,31,30,-1,
722,593,593,593,592,592,592,591,591,591,590,583,582,562,562,562,561,561,561,560,535,536,537,523,522,495,377,376,325,307,308,199,198,197,153,152,151,150,149,148,147,146,145,61,58,56,55,52,51,50,49,48,47,46,41,40,39,38,37,36,35,33,32,31,30,-1,
171,668,72,647,505,137,196,316,632,334,631,435,585,520,523,522,495,377,376,325,307,308,199,198,197,153,152,151,150,149,148,147,146,145,61,58,56,55,52,51,50,49,48,47,46,41,40,39,38,37,36,35,33,32,31,30,-1,
171,668,72,647,505,137,196,316,632,334,631,484,609,520,523,522,495,377,376,325,307,308,199,198,197,153,152,151,150,149,148,147,146,145,61,58,56,55,52,51,50,49,48,47,46,41,40,39,38,37,36,35,33,32,31,30,-1,
448,455,544,546,59,618,106,620,692,431,723,305,357,569,714,686,654,688,694,523,522,495,377,376,325,307,308,199,198,197,153,152,151,150,149,148,147,146,145,61,58,56,55,52,51,50,49,48,47,46,41,40,39,38,37,36,35,33,32,31,30,-1,
450,451,493,463,712,43,71,159,660,136,698,272,674,335,359,693,397,645,667,684,523,522,495,377,376,325,307,308,199,198,197,153,152,151,150,149,148,147,146,145,61,58,56,55,52,51,50,49,48,47,46,41,40,39,38,37,36,35,33,32,31,30,-1,
461,449,481,478,240,44,649,76,396,134,226,271,715,607,719,699,559,629,636,662,523,522,495,377,376,325,307,308,199,198,197,153,152,151,150,149,148,147,146,145,61,58,56,55,52,51,50,49,48,47,46,41,40,39,38,37,36,35,33,32,31,30,-1,
59,75,83,84,106,107,135,143,196,286,43,72,194,240,258,436,519,559,42,76,86,87,105,124,136,212,283,305,533,620,57,138,170,261,316,397,647,649,655,660,668,674,682,686,129,131,144,200,237,238,239,523,522,495,377,376,325,307,308,199,198,197,153,152,151,150,149,148,147,146,145,61,58,56,55,52,51,50,49,48,47,46,41,40,39,38,37,36,35,33,32,31,30,-1,
725,682,607,544,523,522,495,447,446,445,444,443,377,376,358,357,336,335,334,200,144,131,129,325,307,308,199,198,197,153,152,151,150,149,148,147,146,145,61,58,56,55,52,51,50,49,48,47,46,41,40,39,38,37,36,35,33,32,31,30,-1,
725,682,607,544,523,522,495,447,446,445,444,443,377,376,358,357,336,335,334,239,238,237,325,307,308,199,198,197,153,152,151,150,149,148,147,146,145,61,58,56,55,52,51,50,49,48,47,46,41,40,39,38,37,36,35,33,32,31,30,-1,
731,484,435,723,719,715,712,705,698,692,690,674,668,660,657,655,649,647,642,641,634,633,632,631,625,620,619,618,617,609,594,585,569,546,543,534,533,529,525,519,505,502,496,441,439,436,431,427,417,401,396,380,378,361,360,359,355,351,338,333,322,318,316,306,305,304,272,271,269,261,259,258,257,240,226,212,203,196,195,194,177,171,170,169,168,159,158,143,138,137,136,135,134,125,124,107,106,105,87,86,85,84,83,76,75,73,72,71,59,57,44,43,42,34,520,523,522,495,377,376,325,307,308,199,198,197,153,152,151,150,149,148,147,146,145,61,58,56,55,52,51,50,49,48,47,46,41,40,39,38,37,36,35,33,32,31,30,-1,
461,481,493,712,427,73,75,177,692,634,534,304,336,719,314,314,314,314,314,523,522,495,377,376,325,307,308,199,198,197,153,152,151,150,149,148,147,146,145,61,58,56,55,52,51,50,49,48,47,46,41,40,39,38,37,36,35,33,32,31,30,-1,
448,449,450,451,455,461,463,478,481,493,544,143,496,619,633,212,271,682,302,687,714,330,644,661,612,523,522,495,377,376,325,307,308,199,198,197,153,152,151,150,149,148,147,146,145,61,58,56,55,52,51,50,49,48,47,46,41,40,39,38,37,36,35,33,32,31,30,-1,
731,723,719,715,712,698,692,690,674,668,660,655,649,647,642,641,634,633,632,631,625,620,619,618,617,594,585,569,546,534,533,529,525,523,522,495,519,505,502,496,439,436,431,427,417,401,396,380,377,376,361,360,359,355,351,338,325,322,318,316,306,305,304,307,308,272,271,269,34,42,43,44,57,59,71,72,73,75,76,83,84,85,86,87,105,106,107,124,125,134,135,136,137,138,143,158,159,168,169,170,171,177,194,195,196,203,212,226,261,240,257,258,259,199,198,197,153,152,151,150,149,148,147,146,145,61,58,56,55,52,51,50,49,48,47,46,41,40,39,38,37,36,35,33,32,31,30,-1,
731,723,719,715,712,705,698,692,690,686,674,668,660,657,655,649,647,642,641,634,633,632,631,625,620,619,618,617,612,609,594,586,585,493,481,478,463,461,455,451,450,449,448,569,559,546,543,534,533,529,525,519,505,502,496,441,439,436,431,427,417,401,397,396,380,378,361,360,359,355,351,338,333,322,318,316,306,305,304,286,283,269,34,168,169,170,171,240,42,43,44,57,59,143,71,72,73,124,125,158,75,76,105,106,107,159,83,84,85,86,87,177,134,135,136,137,138,203,194,195,196,212,226,261,257,258,259,271,272,-1,
727,222,223,224,225,219,219,219,220,220,220,215,215,215,216,216,216,217,217,217,218,218,218,221,221,221,523,522,495,377,376,325,307,308,199,198,197,153,152,151,150,149,148,147,146,145,61,58,56,55,52,51,50,49,48,47,46,41,40,39,38,37,36,35,33,32,31,30,-1,
461,481,493,712,427,73,75,177,692,634,534,304,336,719,314,523,522,495,377,376,325,307,308,199,198,197,153,152,151,150,149,148,147,146,145,61,58,56,55,52,51,50,49,48,47,46,41,40,39,38,37,36,35,33,32,31,30,-1,
448,449,450,451,455,461,463,478,481,493,544,380,34,168,170,59,143,427,71,125,496,105,107,647,84,86,660,135,203,633,431,533,698,257,439,642,305,417,674,357,358,607,361,401,719,523,522,495,377,376,325,307,308,199,198,197,153,152,151,150,149,148,147,146,145,61,58,56,55,52,51,50,49,48,47,46,41,40,39,38,37,36,35,33,32,31,30,-1,
736,693,648,124,134,642,698,654,688,694,523,522,495,377,376,325,307,308,199,198,197,153,152,151,150,149,148,147,146,145,61,58,56,55,52,51,50,49,48,47,46,41,40,39,38,37,36,35,33,32,31,30,-1,
733,647,619,449,502,351,159,107,106,105,76,75,447,446,445,444,443,200,144,131,129,523,522,495,377,376,325,307,308,199,198,197,153,152,151,150,149,148,147,146,145,61,58,56,55,52,51,50,49,48,47,46,41,40,39,38,37,36,35,33,32,31,30,-1,
733,647,619,449,502,351,159,107,106,105,76,75,447,446,445,444,443,239,238,237,523,522,495,377,376,325,307,308,199,198,197,153,152,151,150,149,148,147,146,145,61,58,56,55,52,51,50,49,48,47,46,41,40,39,38,37,36,35,33,32,31,30,-1,
733,731,723,719,715,712,698,692,690,674,668,660,655,649,647,642,641,634,633,632,631,625,620,619,618,617,594,585,569,546,534,533,529,525,523,522,495,519,505,502,496,439,436,431,427,417,401,396,380,377,376,361,360,359,355,351,338,325,322,318,316,306,305,304,307,308,272,271,269,34,42,43,44,57,59,71,72,73,75,76,83,84,85,86,87,105,106,107,124,125,134,135,136,137,138,143,158,159,168,169,170,171,177,194,195,196,203,212,226,261,240,257,258,259,199,198,197,153,152,151,150,149,148,147,146,145,61,58,56,55,52,51,50,49,48,47,46,41,40,39,38,37,36,35,33,32,31,30,-1,
733,723,719,715,712,705,698,692,674,668,660,657,655,649,647,642,634,633,632,631,625,620,619,618,617,609,594,569,546,543,534,533,525,523,522,495,519,505,502,496,441,439,436,431,427,417,401,396,378,377,376,361,360,359,355,351,338,333,325,322,316,306,305,304,307,308,272,271,34,42,43,44,57,59,71,72,73,75,76,83,84,85,86,87,105,106,107,124,125,134,135,136,137,138,143,158,159,168,169,170,171,177,194,195,196,203,212,226,261,240,257,258,259,199,198,197,153,152,151,150,149,148,147,146,145,61,58,56,55,52,51,50,49,48,47,46,41,40,39,38,37,36,35,33,32,31,30,-1,
733,723,719,715,712,705,698,692,690,686,674,668,660,657,655,649,647,642,641,634,633,632,631,625,620,619,618,617,612,609,594,585,569,559,546,543,534,533,529,525,519,505,502,496,441,439,436,431,427,417,401,397,396,380,378,361,360,359,355,351,338,333,322,318,316,306,305,304,286,283,269,34,168,169,170,171,240,42,43,44,57,59,143,71,72,73,124,125,158,75,76,105,106,107,159,83,84,85,86,87,177,134,135,136,137,138,203,194,195,196,212,226,261,257,258,259,271,272,-1,
733,731,723,719,715,712,705,698,692,690,686,674,668,660,657,655,649,647,642,641,634,633,632,631,625,620,619,618,617,612,609,594,586,585,493,481,478,463,461,455,451,450,449,448,569,559,546,543,534,533,529,525,519,505,502,496,441,439,436,431,427,417,401,397,396,380,378,361,360,359,355,351,338,333,322,318,316,306,305,304,286,283,269,34,168,169,170,171,240,42,43,44,57,59,143,71,72,73,124,125,158,75,76,105,106,107,159,83,84,85,86,87,177,134,135,136,137,138,203,194,195,196,212,226,261,257,258,259,271,272,-1,
722,593,592,591,590,583,582,562,561,560,535,536,537,523,522,495,377,376,325,307,308,199,198,197,153,152,151,150,149,148,147,146,145,61,58,56,55,52,51,50,49,48,47,46,41,40,39,38,37,36,35,33,32,31,30,-1,
737,699,330,331,595,332,332,332,332,684,667,645,523,522,495,377,376,325,307,308,199,198,197,153,152,151,150,149,148,147,146,145,61,58,56,55,52,51,50,49,48,47,46,41,40,39,38,37,36,35,33,32,31,30,-1,
738,733,731,723,719,715,712,705,698,692,690,674,668,660,657,655,649,647,642,641,634,633,632,631,625,620,619,618,617,609,594,585,569,546,543,534,533,529,525,519,505,502,496,441,439,436,431,427,417,401,396,380,378,361,360,359,355,351,338,333,322,318,316,306,305,304,272,271,269,261,259,258,257,240,226,212,203,196,195,194,177,171,170,169,168,159,158,143,138,137,136,135,134,125,124,107,106,105,87,86,85,84,83,76,75,73,72,71,59,57,44,43,42,34,523,522,495,377,376,325,307,308,199,198,197,153,152,151,150,149,148,147,146,145,61,58,56,55,52,51,50,49,48,47,46,41,40,39,38,37,36,35,33,32,31,30,-1,
738,733,723,719,715,712,705,698,692,674,668,660,657,655,649,647,642,634,633,632,631,625,620,619,618,617,609,594,569,546,543,534,533,525,523,522,495,519,505,502,496,441,439,436,431,427,417,401,396,378,377,376,361,360,359,355,351,338,333,325,322,316,306,305,304,307,308,272,271,34,42,43,44,57,59,71,72,73,75,76,83,84,85,86,87,105,106,107,124,125,134,135,136,137,138,143,158,159,168,169,170,171,177,194,195,196,203,212,226,261,240,257,258,259,199,198,197,153,152,151,150,149,148,147,146,145,61,58,56,55,52,51,50,49,48,47,46,41,40,39,38,37,36,35,33,32,31,30,-1,
738,733,731,723,719,715,712,705,698,692,690,686,674,668,660,657,655,649,647,642,641,634,633,632,631,625,620,619,618,617,612,609,594,586,585,493,481,478,463,461,455,451,450,449,448,569,559,546,543,534,533,529,525,519,505,502,496,441,439,436,431,427,417,401,397,396,380,378,361,360,359,355,351,338,333,322,318,316,306,305,304,286,283,269,34,168,169,170,171,240,42,43,44,57,59,143,71,72,73,124,125,158,75,76,105,106,107,159,83,84,85,86,87,177,134,135,136,137,138,203,194,195,196,212,226,261,257,258,259,271,272,-1,
741,742,30,31,32,33,35,36,39,40,61,150,151,152,153,199,307,377,522,37,38,41,46,47,48,49,50,51,52,55,56,58,145,146,147,148,149,197,198,308,325,376,495,523,-1, //神魔の塔
737,699,330,331,595,332,684,667,645,523,522,495,377,376,325,307,308,199,198,197,153,152,151,150,149,148,147,146,145,61,58,56,55,52,51,50,49,48,47,46,41,40,39,38,37,36,35,33,32,31,30,-1, //イースター
754,649,618,448,496,338,158,125,124,73,72,71,447,446,445,444,443,200,144,131,129,523,522,495,377,376,325,307,308,199,198,197,153,152,151,150,149,148,147,146,145,61,58,56,55,52,51,50,49,48,47,46,41,40,39,38,37,36,35,33,32,31,30,-1,　//バサラーズ+4キャラ
754,649,618,448,496,338,158,125,124,73,72,71,447,446,445,444,443,239,238,237,523,522,495,377,376,325,307,308,199,198,197,153,152,151,150,149,148,147,146,145,61,58,56,55,52,51,50,49,48,47,46,41,40,39,38,37,36,35,33,32,31,30,-1,　//バサラーズ支援隊入り
754,738,733,723,719,715,712,705,698,692,674,668,660,657,655,649,647,642,634,633,632,631,625,620,619,618,617,609,594,569,546,543,534,533,525,523,522,495,519,505,502,496,441,439,436,431,427,417,401,396,378,377,376,361,360,359,355,351,338,333,325,322,316,306,305,304,307,308,272,271,34,42,43,44,57,59,71,72,73,75,76,83,84,85,86,87,105,106,107,124,125,134,135,136,137,138,143,158,159,168,169,170,171,177,194,195,196,203,212,226,261,240,257,258,259,199,198,197,153,152,151,150,149,148,147,146,145,61,58,56,55,52,51,50,49,48,47,46,41,40,39,38,37,36,35,33,32,31,30,-1,//極ネコ祭
754,733,731,723,719,715,712,698,692,690,674,668,660,655,649,647,642,641,634,633,632,631,625,620,619,618,617,594,585,569,546,534,533,529,525,523,522,495,519,505,502,496,439,436,431,427,417,401,396,380,377,376,361,360,359,355,351,338,325,322,318,316,306,305,304,307,308,272,271,269,34,42,43,44,57,59,71,72,73,75,76,83,84,85,86,87,105,106,107,124,125,134,135,136,137,138,143,158,159,168,169,170,171,177,194,195,196,203,212,226,261,240,257,258,259,199,198,197,153,152,151,150,149,148,147,146,145,61,58,56,55,52,51,50,49,48,47,46,41,40,39,38,37,36,35,33,32,31,30,-1,//超ネコ祭
754,733,723,719,715,712,705,698,692,690,686,674,668,660,657,655,649,647,642,641,634,633,632,631,625,620,619,618,617,612,609,594,585,569,559,546,543,534,533,529,525,519,505,502,496,441,439,436,431,427,417,401,397,396,380,378,361,360,359,355,351,338,333,322,318,316,306,305,304,286,283,269,34,168,169,170,171,240,42,43,44,57,59,143,71,72,73,124,125,158,75,76,105,106,107,159,83,84,85,86,87,177,134,135,136,137,138,203,194,195,196,212,226,261,257,258,259,271,272,-1,　//プラチナ
754,738,733,731,723,719,715,712,705,698,692,690,686,674,668,660,657,655,649,647,642,641,634,633,632,631,625,620,619,618,617,612,609,594,586,585,493,481,478,463,461,455,451,450,449,448,569,559,546,543,534,533,529,525,519,505,502,496,441,439,436,431,427,417,401,397,396,380,378,361,360,359,355,351,338,333,322,318,316,306,305,304,286,283,269,34,168,169,170,171,240,42,43,44,57,59,143,71,72,73,124,125,158,75,76,105,106,107,159,83,84,85,86,87,177,134,135,136,137,138,203,194,195,196,212,226,261,257,258,259,271,272,-1,　//レジェンド
756,711,661,660,358,135,72,629,636,662,523,522,495,377,376,325,307,308,199,198,197,153,152,151,150,149,148,147,146,145,61,58,56,55,52,51,50,49,48,47,46,41,40,39,38,37,36,35,33,32,31,30,-1,　//ジューンブライド
746,747,748,749,750,750,750,751,751,751,523,522,495,377,376,325,307,308,199,198,197,153,152,151,150,149,148,147,146,145,61,58,56,55,52,51,50,49,48,47,46,41,40,39,38,37,36,35,33,32,31,30,-1,　//るろ剣
73,87,240,316,519,533,674,692,719,725,733,758,435,520,523,522,495,377,376,325,307,308,199,198,197,153,152,151,150,149,148,147,146,145,61,58,56,55,52,51,50,49,48,47,46,41,40,39,38,37,36,35,33,32,31,30,-1,　//海外版超選抜祭(Trixi追加版)
760,660,620,505,450,396,177,87,86,85,84,83,447,446,445,444,443,200,144,131,129,523,522,495,377,376,325,307,308,199,198,197,153,152,151,150,149,148,147,146,145,61,58,56,55,52,51,50,49,48,47,46,41,40,39,38,37,36,35,33,32,31,30,-1,　//エンペラーズ+4キャラ
760,660,620,505,450,396,177,87,86,85,84,83,447,446,445,444,443,239,238,237,523,522,495,377,376,325,307,308,199,198,197,153,152,151,150,149,148,147,146,145,61,58,56,55,52,51,50,49,48,47,46,41,40,39,38,37,36,35,33,32,31,30,-1,　//エンペラーズ支援隊入り
760,754,733,731,723,719,715,712,698,692,690,674,668,660,655,649,647,642,641,634,633,632,631,625,620,619,618,617,594,585,569,546,534,533,529,525,523,522,495,519,505,502,496,439,436,431,427,417,401,396,380,377,376,361,360,359,355,351,338,325,322,318,316,306,305,304,307,308,272,271,269,34,42,43,44,57,59,71,72,73,75,76,83,84,85,86,87,105,106,107,124,125,134,135,136,137,138,143,158,159,168,169,170,171,177,194,195,196,203,212,226,261,240,257,258,259,199,198,197,153,152,151,150,149,148,147,146,145,61,58,56,55,52,51,50,49,48,47,46,41,40,39,38,37,36,35,33,32,31,30,-1,　//超ネコ祭
760,754,738,733,723,719,715,712,705,698,692,674,668,660,657,655,649,647,642,634,633,632,631,625,620,619,618,617,609,594,569,546,543,534,533,525,523,522,495,519,505,502,496,441,439,436,431,427,417,401,396,378,377,376,361,360,359,355,351,338,333,325,322,316,306,305,304,307,308,272,271,34,42,43,44,57,59,71,72,73,75,76,83,84,85,86,87,105,106,107,124,125,134,135,136,137,138,143,158,159,168,169,170,171,177,194,195,196,203,212,226,261,240,257,258,259,199,198,197,153,152,151,150,149,148,147,146,145,61,58,56,55,52,51,50,49,48,47,46,41,40,39,38,37,36,35,33,32,31,30,-1,　//極ネコ祭
760,754,733,723,719,715,712,705,698,692,690,686,674,668,660,657,655,649,647,642,641,634,633,632,631,625,620,619,618,617,612,609,594,585,569,559,546,543,534,533,529,525,519,505,502,496,441,439,436,431,427,417,401,397,396,380,378,361,360,359,355,351,338,333,322,318,316,306,305,304,286,283,269,34,168,169,170,171,240,42,43,44,57,59,143,71,72,73,124,125,158,75,76,105,106,107,159,83,84,85,86,87,177,134,135,136,137,138,203,194,195,196,212,226,261,257,258,259,271,272,-1,　//プラチナ
760,754,738,733,731,723,719,715,712,705,698,692,690,686,674,668,660,657,655,649,647,642,641,634,633,632,631,625,620,619,618,617,612,609,594,586,585,493,481,478,463,461,455,451,450,449,448,569,559,546,543,534,533,529,525,519,505,502,496,441,439,436,431,427,417,401,397,396,380,378,361,360,359,355,351,338,333,322,318,316,306,305,304,286,283,269,34,168,169,170,171,240,42,43,44,57,59,143,71,72,73,124,125,158,75,76,105,106,107,159,83,84,85,86,87,177,134,135,136,137,138,203,194,195,196,212,226,261,257,258,259,271,272,-1,　//レジェンド
354,438,494,564,714,645,667,684,276,276,276,565,565,565,566,566,566,523,522,495,377,376,325,307,308,199,198,197,153,152,151,150,149,148,147,146,145,61,58,56,55,52,51,50,49,48,47,46,41,40,39,38,37,36,35,33,32,31,30,-1,　//サマーガールズサンシャイン
759,274,275,563,614,666,654,688,694,276,276,276,565,565,565,566,566,566,523,522,495,377,376,325,307,308,199,198,197,153,152,151,150,149,148,147,146,145,61,58,56,55,52,51,50,49,48,47,46,41,40,39,38,37,36,35,33,32,31,30,-1,　//サマーガールズブルーオーシャン
756,737,736,714,711,699,693,687,683,666,661,648,644,614,595,589,588,587,586,584,570,566,565,564,563,526,494,438,354,332,331,330,314,310,302,276,275,274,243,242,241,230,229,228,523,522,495,377,376,325,307,308,199,198,197,153,152,151,150,149,148,147,146,145,61,58,56,55,52,51,50,49,48,47,46,41,40,39,38,37,36,35,33,32,31,30,-1, //超国王祭
754,733,723,719,715,712,705,698,692,674,668,660,657,655,649,647,642,634,633,632,631,625,620,619,618,617,609,594,569,546,543,534,533,525,523,522,495,519,505,502,496,441,439,436,431,427,417,401,396,378,377,376,361,360,359,355,351,338,333,325,322,316,306,305,304,307,308,272,271,34,42,43,44,57,59,71,72,73,75,76,83,84,85,86,87,105,106,107,124,125,134,135,136,137,138,143,158,159,168,169,170,171,177,194,195,196,203,212,226,261,240,257,258,259,199,198,197,153,152,151,150,149,148,147,146,145,61,58,56,55,52,51,50,49,48,47,46,41,40,39,38,37,36,35,33,32,31,30,-1,//極ネコ祭(明智入り、イザナミ無し)
754,733,731,723,719,715,712,705,698,692,690,686,674,668,660,657,655,649,647,642,641,634,633,632,631,625,620,619,618,617,612,609,594,586,585,493,481,478,463,461,455,451,450,449,448,569,559,546,543,534,533,529,525,519,505,502,496,441,439,436,431,427,417,401,397,396,380,378,361,360,359,355,351,338,333,322,318,316,306,305,304,286,283,269,34,168,169,170,171,240,42,43,44,57,59,143,71,72,73,124,125,158,75,76,105,106,107,159,83,84,85,86,87,177,134,135,136,137,138,203,194,195,196,212,226,261,257,258,259,271,272,-1,　//レジェンド(明智入り、イザナミ無し)
760,754,733,723,719,715,712,705,698,692,674,668,660,657,655,649,647,642,634,633,632,631,625,620,619,618,617,609,594,569,546,543,534,533,525,523,522,495,519,505,502,496,441,439,436,431,427,417,401,396,378,377,376,361,360,359,355,351,338,333,325,322,316,306,305,304,307,308,272,271,34,42,43,44,57,59,71,72,73,75,76,83,84,85,86,87,105,106,107,124,125,134,135,136,137,138,143,158,159,168,169,170,171,177,194,195,196,203,212,226,261,240,257,258,259,199,198,197,153,152,151,150,149,148,147,146,145,61,58,56,55,52,51,50,49,48,47,46,41,40,39,38,37,36,35,33,32,31,30,-1,　//極ネコ祭(明智ガンドロス入り、イザナミ無し)
760,754,733,731,723,719,715,712,705,698,692,690,686,674,668,660,657,655,649,647,642,641,634,633,632,631,625,620,619,618,617,612,609,594,586,585,493,481,478,463,461,455,451,450,449,448,569,559,546,543,534,533,529,525,519,505,502,496,441,439,436,431,427,417,401,397,396,380,378,361,360,359,355,351,338,333,322,318,316,306,305,304,286,283,269,34,168,169,170,171,240,42,43,44,57,59,143,71,72,73,124,125,158,75,76,105,106,107,159,83,84,85,86,87,177,134,135,136,137,138,203,194,195,196,212,226,261,257,258,259,271,272,-1,　//レジェンド(明智ガンドロス入り、イザナミ無し)
354,438,494,564,714,645,667,684,276,565,566,523,522,495,377,376,325,307,308,199,198,197,153,152,151,150,149,148,147,146,145,61,58,56,55,52,51,50,49,48,47,46,41,40,39,38,37,36,35,33,32,31,30,-1,　//サマーガールズサンシャイン(海外版確率調整なし版)
759,274,275,563,614,666,654,688,694,276,565,566,523,522,495,377,376,325,307,308,199,198,197,153,152,151,150,149,148,147,146,145,61,58,56,55,52,51,50,49,48,47,46,41,40,39,38,37,36,35,33,32,31,30,-1,　//サマーガールズブルーオーシャン(海外版確率調整なし版)
746,747,748,749,750,751,523,522,495,377,376,325,307,308,199,198,197,153,152,151,150,149,148,147,146,145,61,58,56,55,52,51,50,49,48,47,46,41,40,39,38,37,36,35,33,32,31,30,-1,　//【海外版】るろ剣
715,358,397,316,261,170,138,57,589,589,589,332,332,332,314,314,314,276,276,276,228,228,228,239,238,237,200,144,131,131,131,129,523,522,495,377,376,325,307,308,199,198,197,153,152,151,150,149,148,147,146,145,61,58,56,55,52,51,50,49,48,47,46,41,40,39,38,37,36,35,33,32,31,30,-1,
763,668,617,519,455,427,143,59,57,44,43,42,447,446,445,444,443,200,144,131,129,523,522,495,377,376,325,307,308,199,198,197,153,152,151,150,149,148,147,146,145,61,58,56,55,52,51,50,49,48,47,46,41,40,39,38,37,36,35,33,32,31,30,-1,	//ダイナマイツ＋４キャラ
763,668,617,519,455,427,143,59,57,44,43,42,447,446,445,444,443,239,238,237,523,522,495,377,376,325,307,308,199,198,197,153,152,151,150,149,148,147,146,145,61,58,56,55,52,51,50,49,48,47,46,41,40,39,38,37,36,35,33,32,31,30,-1,	//ダイナマイツ支援隊入り
763,760,754,733,731,723,719,715,712,698,692,690,674,668,660,655,649,647,642,641,634,633,632,631,625,620,619,618,617,594,585,569,546,534,533,529,525,523,522,495,519,505,502,496,439,436,431,427,417,401,396,380,377,376,361,360,359,355,351,338,325,322,318,316,306,305,304,307,308,272,271,269,34,42,43,44,57,59,71,72,73,75,76,83,84,85,86,87,105,106,107,124,125,134,135,136,137,138,143,158,159,168,169,170,171,177,194,195,196,203,212,226,261,240,257,258,259,199,198,197,153,152,151,150,149,148,147,146,145,61,58,56,55,52,51,50,49,48,47,46,41,40,39,38,37,36,35,33,32,31,30,-1,　//超ネコ祭
763,760,754,738,733,723,719,715,712,705,698,692,674,668,660,657,655,649,647,642,634,633,632,631,625,620,619,618,617,609,594,569,546,543,534,533,525,523,522,495,519,505,502,496,441,439,436,431,427,417,401,396,378,377,376,361,360,359,355,351,338,333,325,322,316,306,305,304,307,308,272,271,34,42,43,44,57,59,71,72,73,75,76,83,84,85,86,87,105,106,107,124,125,134,135,136,137,138,143,158,159,168,169,170,171,177,194,195,196,203,212,226,261,240,257,258,259,199,198,197,153,152,151,150,149,148,147,146,145,61,58,56,55,52,51,50,49,48,47,46,41,40,39,38,37,36,35,33,32,31,30,-1,　//極ネコ祭
763,760,754,733,723,719,715,712,705,698,692,690,686,674,668,660,657,655,649,647,642,641,634,633,632,631,625,620,619,618,617,612,609,594,585,569,559,546,543,534,533,529,525,519,505,502,496,441,439,436,431,427,417,401,397,396,380,378,361,360,359,355,351,338,333,322,318,316,306,305,304,286,283,269,34,168,169,170,171,240,42,43,44,57,59,143,71,72,73,124,125,158,75,76,105,106,107,159,83,84,85,86,87,177,134,135,136,137,138,203,194,195,196,212,226,261,257,258,259,271,272,-1,　//プラチナ
763,760,754,738,733,731,723,719,715,712,705,698,692,690,686,674,668,660,657,655,649,647,642,641,634,633,632,631,625,620,619,618,617,612,609,594,586,585,493,481,478,463,461,455,451,450,449,448,569,559,546,543,534,533,529,525,519,505,502,496,441,439,436,431,427,417,401,397,396,380,378,361,360,359,355,351,338,333,322,318,316,306,305,304,286,283,269,34,168,169,170,171,240,42,43,44,57,59,143,71,72,73,124,125,158,75,76,105,106,107,159,83,84,85,86,87,177,134,135,136,137,138,203,194,195,196,212,226,261,257,258,259,271,272,-1,　//レジェンド
762,556,556,556,555,472,472,472,471,470,469,468,467,466,523,522,495,377,376,325,307,308,199,198,197,153,152,151,150,149,148,147,146,145,61,58,56,55,52,51,50,49,48,47,46,41,40,39,38,37,36,35,33,32,31,30,-1,	//ビックリマンコラボ
738,760,754,733,731,723,719,715,712,705,698,692,690,674,668,660,657,655,649,647,642,641,634,633,632,631,625,620,619,618,617,609,594,585,569,546,543,534,533,529,525,519,505,502,496,441,439,436,431,427,417,401,396,380,378,361,360,359,355,351,338,333,322,318,316,306,305,304,272,271,269,261,259,258,257,240,226,212,203,196,195,194,177,171,170,169,168,159,158,143,138,137,136,135,134,125,124,107,106,105,87,86,85,84,83,76,75,73,72,71,59,57,44,43,42,34,523,522,495,377,376,325,307,308,199,198,197,153,152,151,150,149,148,147,146,145,61,58,56,55,52,51,50,49,48,47,46,41,40,39,38,37,36,35,33,32,31,30,-1,　//英語版10周年用超極ネコ
715,358,397,316,261,170,138,57,589,332,314,276,228,239,238,237,200,144,131,129,523,522,495,377,376,325,307,308,199,198,197,153,152,151,150,149,148,147,146,145,61,58,56,55,52,51,50,49,48,47,46,41,40,39,38,37,36,35,33,32,31,30,-1,　//海外版メタルバスターズ
769,692,633,525,451,322,203,138,137,136,135,134,447,446,445,444,443,200,144,131,129,523,522,495,377,376,325,307,308,199,198,197,153,152,151,150,149,148,147,146,145,61,58,56,55,52,51,50,49,48,47,46,41,40,39,38,37,36,35,33,32,31,30,-1,//ウルトラ+4キャラ
769,692,633,525,451,322,203,138,137,136,135,134,447,446,445,444,443,239,238,237,523,522,495,377,376,325,307,308,199,198,197,153,152,151,150,149,148,147,146,145,61,58,56,55,52,51,50,49,48,47,46,41,40,39,38,37,36,35,33,32,31,30,-1,//ウルトラ支援隊
769,763,760,754,733,731,723,719,715,712,698,692,690,674,668,660,655,649,647,642,641,634,633,632,631,625,620,619,618,617,594,585,569,546,534,533,529,525,523,522,495,519,505,502,496,439,436,431,427,417,401,396,380,377,376,361,360,359,355,351,338,325,322,318,316,306,305,304,307,308,272,271,269,34,42,43,44,57,59,71,72,73,75,76,83,84,85,86,87,105,106,107,124,125,134,135,136,137,138,143,158,159,168,169,170,171,177,194,195,196,203,212,226,261,240,257,258,259,199,198,197,153,152,151,150,149,148,147,146,145,61,58,56,55,52,51,50,49,48,47,46,41,40,39,38,37,36,35,33,32,31,30,-1,　//超ネコ祭
769,763,760,754,738,733,723,719,715,712,705,698,692,674,668,660,657,655,649,647,642,634,633,632,631,625,620,619,618,617,609,594,569,546,543,534,533,525,523,522,495,519,505,502,496,441,439,436,431,427,417,401,396,378,377,376,361,360,359,355,351,338,333,325,322,316,306,305,304,307,308,272,271,34,42,43,44,57,59,71,72,73,75,76,83,84,85,86,87,105,106,107,124,125,134,135,136,137,138,143,158,159,168,169,170,171,177,194,195,196,203,212,226,261,240,257,258,259,199,198,197,153,152,151,150,149,148,147,146,145,61,58,56,55,52,51,50,49,48,47,46,41,40,39,38,37,36,35,33,32,31,30,-1,　//極ネコ祭
769,763,760,754,733,723,719,715,712,705,698,692,690,686,674,668,660,657,655,649,647,642,641,634,633,632,631,625,620,619,618,617,612,609,594,585,569,559,546,543,534,533,529,525,519,505,502,496,441,439,436,431,427,417,401,397,396,380,378,361,360,359,355,351,338,333,322,318,316,306,305,304,286,283,269,34,168,169,170,171,240,42,43,44,57,59,143,71,72,73,124,125,158,75,76,105,106,107,159,83,84,85,86,87,177,134,135,136,137,138,203,194,195,196,212,226,261,257,258,259,271,272,-1,　//プラチナ
769,763,760,754,738,733,731,723,719,715,712,705,698,692,690,686,674,668,660,657,655,649,647,642,641,634,633,632,631,625,620,619,618,617,612,609,594,586,585,493,481,478,463,461,455,451,450,449,448,569,559,546,543,534,533,529,525,519,505,502,496,441,439,436,431,427,417,401,397,396,380,378,361,360,359,355,351,338,333,322,318,316,306,305,304,286,283,269,34,168,169,170,171,240,42,43,44,57,59,143,71,72,73,124,125,158,75,76,105,106,107,159,83,84,85,86,87,177,134,135,136,137,138,203,194,195,196,212,226,261,257,258,259,271,272,-1,　//レジェンド
772,683,229,230,302,570,773,773,773,228,228,228,629,636,662,523,522,495,377,376,325,307,308,199,198,197,153,152,151,150,149,148,147,146,145,61,58,56,55,52,51,50,49,48,47,46,41,40,39,38,37,36,35,33,32,31,30,-1,//ハロウィン
759,756,737,736,714,711,699,693,687,683,666,661,648,644,614,595,589,588,587,586,584,570,566,565,564,563,526,494,438,354,332,331,330,314,310,302,276,275,274,243,242,241,230,229,228,523,522,495,377,376,325,307,308,199,198,197,153,152,151,150,149,148,147,146,145,61,58,56,55,52,51,50,49,48,47,46,41,40,39,38,37,36,35,33,32,31,30,-1, //超国王祭//超国王祭
177,619,212,316,401,137,618,625,668,523,522,495,377,376,325,307,308,199,198,197,153,152,151,150,149,148,147,146,145,61,58,56,55,52,51,50,49,48,47,46,41,40,39,38,37,36,35,33,32,31,30,-1,//運動会（白組）
768,506,346,345,344,190,189,188,187,186,185,110,111,112,113,114,115,116,117,118,119,-1,//メルクストーリア
772,683,229,230,302,570,773,228,629,636,662,523,522,495,377,376,325,307,308,199,198,197,153,152,151,150,149,148,147,146,145,61,58,56,55,52,51,50,49,48,47,46,41,40,39,38,37,36,35,33,32,31,30,-1,//海外版ハロウィン
727,222,223,224,225,219,220,215,216,217,218,221,523,522,495,377,376,325,307,308,199,198,197,153,152,151,150,149,148,147,146,145,61,58,56,55,52,51,50,49,48,47,46,41,40,39,38,37,36,35,33,32,31,30,-1,//海外版メタスラコラボ
774,698,634,533,481,431,261,226,212,196,195,194,447,446,445,444,443,200,144,131,129,523,522,495,377,376,325,307,308,199,198,197,153,152,151,150,149,148,147,146,145,61,58,56,55,52,51,50,49,48,47,46,41,40,39,38,37,36,35,33,32,31,30,-1,　//ダークヒーローズ+4キャラ
774,698,634,533,481,431,261,226,212,196,195,194,447,446,445,444,443,239,238,237,523,522,495,377,376,325,307,308,199,198,197,153,152,151,150,149,148,147,146,145,61,58,56,55,52,51,50,49,48,47,46,41,40,39,38,37,36,35,33,32,31,30,-1,　//ダークヒーローズ支援隊
774,769,763,760,754,733,731,723,719,715,712,698,692,690,674,668,660,655,649,647,642,641,634,633,632,631,625,620,619,618,617,594,585,569,546,534,533,529,525,523,522,495,519,505,502,496,439,436,431,427,417,401,396,380,377,376,361,360,359,355,351,338,325,322,318,316,306,305,304,307,308,272,271,269,34,42,43,44,57,59,71,72,73,75,76,83,84,85,86,87,105,106,107,124,125,134,135,136,137,138,143,158,159,168,169,170,171,177,194,195,196,203,212,226,261,240,257,258,259,199,198,197,153,152,151,150,149,148,147,146,145,61,58,56,55,52,51,50,49,48,47,46,41,40,39,38,37,36,35,33,32,31,30,-1,　//超ネコ祭
774,769,763,760,754,738,733,723,719,715,712,705,698,692,674,668,660,657,655,649,647,642,634,633,632,631,625,620,619,618,617,609,594,569,546,543,534,533,525,523,522,495,519,505,502,496,441,439,436,431,427,417,401,396,378,377,376,361,360,359,355,351,338,333,325,322,316,306,305,304,307,308,272,271,34,42,43,44,57,59,71,72,73,75,76,83,84,85,86,87,105,106,107,124,125,134,135,136,137,138,143,158,159,168,169,170,171,177,194,195,196,203,212,226,261,240,257,258,259,199,198,197,153,152,151,150,149,148,147,146,145,61,58,56,55,52,51,50,49,48,47,46,41,40,39,38,37,36,35,33,32,31,30,-1,　//極ネコ祭
774,769,763,760,754,733,723,719,715,712,705,698,692,690,686,674,668,660,657,655,649,647,642,641,634,633,632,631,625,620,619,618,617,612,609,594,585,569,559,546,543,534,533,529,525,519,505,502,496,441,439,436,431,427,417,401,397,396,380,378,361,360,359,355,351,338,333,322,318,316,306,305,304,286,283,269,34,168,169,170,171,240,42,43,44,57,59,143,71,72,73,124,125,158,75,76,105,106,107,159,83,84,85,86,87,177,134,135,136,137,138,203,194,195,196,212,226,261,257,258,259,271,272,-1,　//プラチナ
774,769,763,760,754,738,733,731,723,719,715,712,705,698,692,690,686,674,668,660,657,655,649,647,642,641,634,633,632,631,625,620,619,618,617,612,609,594,586,585,493,481,478,463,461,455,451,450,449,448,569,559,546,543,534,533,529,525,519,505,502,496,441,439,436,431,427,417,401,397,396,380,378,361,360,359,355,351,338,333,322,318,316,306,305,304,286,283,269,34,168,169,170,171,240,42,43,44,57,59,143,71,72,73,124,125,158,75,76,105,106,107,159,83,84,85,86,87,177,134,135,136,137,138,203,194,195,196,212,226,261,257,258,259,271,272,-1,　//レジェンド
436,519,158,502,84,769,212,259,355,335,361,435,758,520,523,522,495,377,376,325,307,308,199,198,197,153,152,151,150,149,148,147,146,145,61,58,56,55,52,51,50,49,48,47,46,41,40,39,38,37,36,35,33,32,31,30,-1,　//超選抜祭
546,59,618,105,760,525,431,534,305,357,401,484,441,520,523,522,495,377,376,325,307,308,199,198,197,153,152,151,150,149,148,147,146,145,61,58,56,55,52,51,50,49,48,47,46,41,40,39,38,37,36,35,33,32,31,30,-1,　//極選抜祭
449,451,455,478,306,439,607,668,645,667,684,523,522,495,377,376,325,307,308,199,198,197,153,152,151,150,149,148,147,146,145,61,58,56,55,52,51,50,49,48,47,46,41,40,39,38,37,36,35,33,32,31,30,-1,　//ウルトラ4セレクション
461,481,544,71,427,505,619,654,688,694,523,522,495,377,376,325,307,308,199,198,197,153,152,151,150,149,148,147,146,145,61,58,56,55,52,51,50,49,48,47,46,41,40,39,38,37,36,35,33,32,31,30,-1,　//ミラクル4セレクション
463,448,450,493,44,136,196,351,629,636,662,523,522,495,377,376,325,307,308,199,198,197,153,152,151,150,149,148,147,146,145,61,58,56,55,52,51,50,49,48,47,46,41,40,39,38,37,36,35,33,32,31,30,-1,　//エクセレント4セレクション
59,75,83,84,106,107,135,143,196,286,43,72,194,240,258,436,519,559,42,76,86,87,105,124,136,212,283,305,533,620,57,138,170,261,316,358,397,715,647,649,655,660,668,674,682,686,129,131,144,200,237,238,239,523,522,495,377,376,325,307,308,199,198,197,153,152,151,150,149,148,147,146,145,61,58,56,55,52,51,50,49,48,47,46,41,40,39,38,37,36,35,33,32,31,30,-1,　//バスターズ祭
777,241,242,243,310,526,584,687,654,688,694,523,522,495,377,376,325,307,308,199,198,197,153,152,151,150,149,148,147,146,145,61,58,56,55,52,51,50,49,48,47,46,41,40,39,38,37,36,35,33,32,31,30,-1,　//クリスマスギャルズ
712,625,546,461,436,240,171,170,169,168,34,447,446,445,444,443,200,144,131,129,237,238,239,523,522,495,377,376,325,307,308,199,198,197,153,152,151,150,149,148,147,146,145,61,58,56,55,52,51,50,49,48,47,46,41,40,39,38,37,36,35,33,32,31,30,-1,　//伝説のネコルガ（統合版）
763,668,617,519,455,427,143,59,57,44,43,42,447,446,445,444,443,200,144,131,129,237,238,239,523,522,495,377,376,325,307,308,199,198,197,153,152,151,150,149,148,147,146,145,61,58,56,55,52,51,50,49,48,47,46,41,40,39,38,37,36,35,33,32,31,30,-1,　//超激ダイナマイツ（統合版）
754,649,618,448,496,338,158,125,124,73,72,71,447,446,445,444,443,200,144,131,129,237,238,239,523,522,495,377,376,325,307,308,199,198,197,153,152,151,150,149,148,147,146,145,61,58,56,55,52,51,50,49,48,47,46,41,40,39,38,37,36,35,33,32,31,30,-1,　//戦国武神バサラーズ（統合版）
733,647,619,449,502,351,159,107,106,105,76,75,447,446,445,444,443,200,144,131,129,237,238,239,523,522,495,377,376,325,307,308,199,198,197,153,152,151,150,149,148,147,146,145,61,58,56,55,52,51,50,49,48,47,46,41,40,39,38,37,36,35,33,32,31,30,-1,　//電脳学園ギャラクシーギャルズ（統合版）
760,660,620,505,450,396,177,87,86,85,84,83,447,446,445,444,443,200,144,131,129,237,238,239,523,522,495,377,376,325,307,308,199,198,197,153,152,151,150,149,148,147,146,145,61,58,56,55,52,51,50,49,48,47,46,41,40,39,38,37,36,35,33,32,31,30,-1,　//ドラゴンエンペラーズ（統合版）
769,692,633,525,451,322,203,138,137,136,135,134,447,446,445,444,443,200,144,131,129,237,238,239,523,522,495,377,376,325,307,308,199,198,197,153,152,151,150,149,148,147,146,145,61,58,56,55,52,51,50,49,48,47,46,41,40,39,38,37,36,35,33,32,31,30,-1,　//ウルトラソウルズ（統合版）
774,698,634,533,481,431,261,226,212,196,195,194,447,446,445,444,443,200,144,131,129,237,238,239,523,522,495,377,376,325,307,308,199,198,197,153,152,151,150,149,148,147,146,145,61,58,56,55,52,51,50,49,48,47,46,41,40,39,38,37,36,35,33,32,31,30,-1,　//ダークヒーローズ（統合版）
723,642,534,493,439,316,272,271,259,258,257,447,446,445,444,443,200,144,131,129,237,238,239,523,522,495,377,376,325,307,308,199,198,197,153,152,151,150,149,148,147,146,145,61,58,56,55,52,51,50,49,48,47,46,41,40,39,38,37,36,35,33,32,31,30,-1,　//ギガントゼウス（統合版）
715,674,632,594,523,522,495,463,447,446,445,444,443,417,377,376,355,325,306,305,304,307,308,200,144,131,129,237,238,239,199,198,197,153,152,151,150,149,148,147,146,145,61,58,56,55,52,51,50,49,48,47,46,41,40,39,38,37,36,35,33,32,31,30,-1,　//アイアンウォーズ（統合版）
725,682,607,544,523,522,495,447,446,445,444,443,377,376,358,357,336,335,334,200,144,131,129,237,238,239,325,307,308,199,198,197,153,152,151,150,149,148,147,146,145,61,58,56,55,52,51,50,49,48,47,46,41,40,39,38,37,36,35,33,32,31,30,-1,　//ギャルズモンスター（統合版）
719,655,478,359,360,361,401,569,631,447,446,445,444,443,200,144,131,129,237,238,239,523,522,495,377,376,325,307,308,199,198,197,153,152,151,150,149,148,147,146,145,61,58,56,55,52,51,50,49,48,47,46,41,40,39,38,37,36,35,33,32,31,30,-1,　//エレメントピクシーズ（統合版）
779,774,769,763,760,754,733,731,723,719,715,712,698,692,690,674,668,660,655,649,647,642,641,634,633,632,631,625,620,619,618,617,594,585,569,546,534,533,529,525,523,522,495,519,505,502,496,439,436,431,427,417,401,396,380,377,376,361,360,359,355,351,338,325,322,318,316,306,305,304,307,308,272,271,269,34,42,43,44,57,59,71,72,73,75,76,83,84,85,86,87,105,106,107,124,125,134,135,136,137,138,143,158,159,168,169,170,171,177,194,195,196,203,212,226,261,240,257,258,259,199,198,197,153,152,151,150,149,148,147,146,145,61,58,56,55,52,51,50,49,48,47,46,41,40,39,38,37,36,35,33,32,31,30,-1,　//超ネコ祭
779,774,769,763,760,754,733,723,719,715,712,705,698,692,690,686,674,668,660,657,655,649,647,642,641,634,633,632,631,625,620,619,618,617,612,609,594,585,569,559,546,543,534,533,529,525,519,505,502,496,441,439,436,431,427,417,401,397,396,380,378,361,360,359,355,351,338,333,322,318,316,306,305,304,286,283,269,34,168,169,170,171,240,42,43,44,57,59,143,71,72,73,124,125,158,75,76,105,106,107,159,83,84,85,86,87,177,134,135,136,137,138,203,194,195,196,212,226,261,257,258,259,271,272,-1,　//プラチナ
779,774,769,763,760,754,738,733,731,723,719,715,712,705,698,692,690,686,674,668,660,657,655,649,647,642,641,634,633,632,631,625,620,619,618,617,612,609,594,586,585,493,481,478,463,461,455,451,450,449,448,569,559,546,543,534,533,529,525,519,505,502,496,441,439,436,431,427,417,401,397,396,380,378,361,360,359,355,351,338,333,322,318,316,306,305,304,286,283,269,34,168,169,170,171,240,42,43,44,57,59,143,71,72,73,124,125,158,75,76,105,106,107,159,83,84,85,86,87,177,134,135,136,137,138,203,194,195,196,212,226,261,257,258,259,271,272,-1,　//レジェンド
777,773,772,759,756,737,736,714,711,699,693,687,683,666,661,648,644,614,595,589,588,587,586,584,570,566,565,564,563,526,494,438,354,332,331,330,314,310,302,276,275,274,243,242,241,230,229,228,523,522,495,377,376,325,307,308,199,198,197,153,152,151,150,149,148,147,146,145,61,58,56,55,52,51,50,49,48,47,46,41,40,39,38,37,36,35,33,32,31,30,-1, //超国王祭
779,774,769,763,760,758,754,520,484,435,738,733,731,723,719,715,712,705,698,692,690,674,668,660,657,655,649,647,642,641,634,633,632,631,625,620,619,618,617,609,594,585,569,546,543,534,533,529,525,519,505,502,496,441,439,436,431,427,417,401,396,380,378,361,360,359,355,351,338,333,322,318,316,306,305,304,272,271,269,261,259,258,257,240,226,212,203,196,195,194,177,171,170,169,168,159,158,143,138,137,136,135,134,125,124,107,106,105,87,86,85,84,83,76,75,73,72,71,59,57,44,43,42,34,523,522,495,377,376,325,307,308,199,198,197,153,152,151,150,149,148,147,146,145,61,58,56,55,52,51,50,49,48,47,46,41,40,39,38,37,36,35,33,32,31,30,-1, //超極ネコ祭
448,450,481,171,763,754,647,620,138,212,272,305,725,569,314,314,314,314,314,523,522,495,377,376,325,307,308,199,198,197,153,152,151,150,149,148,147,146,145,61,58,56,55,52,51,50,49,48,47,46,41,40,39,38,37,36,35,33,32,31,30,-1, //新年会ガチャ
778,440,292,291,290,289,288,293,293,293,293,293,293,298,298,298,298,297,297,297,297,296,296,296,296,295,295,295,295,294,294,294,294,523,522,495,377,376,325,307,308,199,198,197,153,152,151,150,149,148,147,146,145,61,58,56,55,52,51,50,49,48,47,46,41,40,39,38,37,36,35,33,32,31,30,-1, //魔法少女まどか☆マギカ
