item_pack_name_0	응원 세일! 대박 고양이 통조림 팩 구입
item_pack_name_1	응원 세일! 초 대박 고양이 통조림 팩 구입
item_pack_name_2	응원 세일! 완전 대박 고양이 통조림 팩 구입
item_pack_name_3	한정 세일! 고양이 통조림 팩(A) 구입
item_pack_name_4	한정 세일! 고양이 통조림 팩(B) 구입
item_pack_name_5	한정 세일! 고양이 통조림 팩(C) 구입
item_pack_name_6	기간 한정! 레어 티켓 구입
item_pack_name_7	기간 한정! 플래티넘 티켓 구입
item_pack_name_11	초보자 응원 플래티넘 패키지! 구입
item_pack_name_12	
item_pack_name_13	｢주걱턱 라이온｣ 고양이 통조림 팩
item_pack_name_14	｢주걱턱 팬더｣ 고양이 통조림 팩
item_pack_name_15	｢주걱턱 호랑이｣ 고양이 통조림 팩
item_pack_name_17	땡큐땡큐 팩
item_pack_name_18	초한정 세일! 고양이 통조림 팩(A)
item_pack_name_19	초한정 세일! 고양이 통조림 팩(B)
item_pack_name_20	초한정 세일! 고양이 통조림 팩(C)
item_pack_purchased_title	<flash>%@</flash><br>
item_pack_purchased_item	%@ %d개 → <color=255,255,0>%d개</color><br>
item_pack_purchased_xp	%@ %dXP → <color=255,255,0>%dXP</color><br>
item_pack_purchased_ticket	「%@」 %d장 → <color=255,255,0>%d장</color><br>
battle_result_first_clear_bonus	<color=255,255,0>첫 클리어 보수</color><br>고양이 통조림+30개<flash> 획득!!</flash><br>게다가 리더십 1개를 <flash>획득!</flash>
user_rank_gift_1600_catseye_unlocked	<flash>레벨 상한 해방!</flash><br>캣츠 아이를 사용하여 캐릭터의<br>레벨 상한을 해방 시킬 수 있습니다
user_rank_popup_title1	<color=255,255,0>유저 랭크 미션</color><br>
user_rank_popup_title2	<flash>유저 랭크 %d에 도달</flash><br>
user_rank_popup_title3	<color=255,255,0>유저 랭크 ${rankNum} 달성!</color><br>보수를 받으시겠습니까?
user_rank_full_recovery_energy	게다가 리더십 1개를<flash> 획득!</flash>
data_upload_error_catfood_20000	부정 데이터가 검출되어 데이터를 저장할 수 없습니다. 서포터에게 문의하시길 바랍니다.
energy_connecting	데이터를 갱신하고 있습니다
energy_connection_failed1	통솔력 획득에 실패하였습니다
energy_connection_failed2	통신환경이 좋은 곳에서 다시 접속하여 주세요
energy_fraud1	단말기 시간이 변경되었을 가능성이 있습니다
energy_fraud2	일정 시간 동안 통솔력이 회복되지 않습니다.
gamatoto_connection	데이터를 갱신하고 있습니다
gamatoto_connection_failed	탐험 시간 획득에 실패하였습니다. 통신환경이 좋은 곳에서 다시 접속하여 주세요.
gamatoto_fraud	단말기 시간이 변경되었을 가능성이 있습니다. 일정 시간동안 탐험 시간이 흐르지 않습니다.
reset_item_reward	<color=255,255,0>보수 리셋!</color><br>보수 아이템의 「획득」 상태가 리셋되었습니다.<br>다시 한 번 획득 가능합니다.
reset_tower_state	<color=255,255,0>보수・클리어 상태 리셋!</color><br>보수 아이템의 「수취 완료」 상태와<br>스테이지 클리어 상태가 리셋되었습니다.
reward_energy	통솔력 회복의 찬스다냥!<br>동영상을 보고 통솔력을 %d회복 하겠습니까?</flash>
receive_energy	통솔력이 %d 회복되었습니다
receive_energy_full	통솔력이 완전 회복되었습니다.
network_unavailable_energy	통신 에러로\n통솔력을 회복하지 못하였습니다
network_unavailable_gamatoto	통신 에러로\n고양이 통조림을 획득하지 못하였습니다
001_img044.png	i001_img044_ko.png
001_img044.imgcut	i001_img044_ko.imgcut
001_img045.png	i001_img045_ko.png
001_img045.imgcut	i001_img045_ko.imgcut
021_e.png	i021_e_ko.png
021_e.imgcut	i021_e_ko.imgcut
slot_copy_select	출진 슬롯 %d의 편성을 복사합니다.<br>복사 혹은 붙여 넣기 하시겠습니까?
slot_copy	출진 슬롯 %d의 편성을 복사했습니다.<br>복사할 슬롯으로 이동하여<br>「붙여 넣기」를 선택해주세요
slot_paste	출진 슬롯 %d의 편성으로 바꿉니다.<br>바꾸시겠습니까?
slot_remove	출진 슬롯의 캐릭터를 모두 편성에서 제외합니다.
remove_error	<color=255,255,0>이 캐릭터는 편성에서 제외할 수 없습니다.</color>
instant_koyashi	리미트(한계 레벨)에 달한 파란 구슬 5개를<br>레어 티켓 1장으로 교환 할 수 있습니다.<br>파란 구슬을 사용할까요?<br>(앞으로 %d개 필요)
storage_koyashi	리미트(한계 레벨)에 달한 모든 파란 구슬을<br>거름으로 씁니다.<br>파란 구슬을 사용할까요?<br>
have_koyashi	거름으로 쓸 수 있는 파란 구슬을 %d개 가지고 있습니다
tutorial_favoriteUnit	「☆」버튼을 탭하면 <br>즐겨찾기로 설정한 캐릭터와 전체 캐릭터 표시로<br>바꿀 수 있다냥!
tutorial_favoriteUnit_pictureBook1	<color=255,255,0>즐겨찾기 설정 ①</color><br>즐겨찾기로 설정하려는 캐릭터를 선택하고<br>「☆설정완료」 버튼으로 <br>즐겨찾기 편집 모드를 종료하자냥!
tutorial_favoriteUnit_pictureBook2	<color=255,255,0>즐겨찾기 설정 ②</color><br>파워 업 화면 또는 캐릭터 편성 화면 내의<br>검색하기 버튼을 탭 하여 즐겨찾기로 <br>체크를 하면 설정한 캐릭터를 볼 수 있다냥!
everyplay_not_supported	해당 단말기에서는 대응하지 않습니다
everyplay_no_related_videos	관련 동영상이 없습니다
cat_challenge01	<flash>냥코 도장에 온 걸 환영해!</flash><br>적을 물리치면 스코어를 받을 수 있는 실력 측정 스테이지!<br>여러번 도전해서 하이스코어를 노리자냥!<br>※적을 물리쳐도 머니는 받지 못한다냥!※
data_download_error_catfood_20000	부정 데이터가 검출되어 세이브 데이터를 이어할 수 없습니다. 서포터에게 문의하시길 바랍니다.
cat_challenge_item	냥코 도장 스테이지에서는<br>「스피드 업」과 「야옹컴」을 무제한으로 쓸 수 있다냥!<br>※속도 부스트 발동 시에는 아이템이 소모됩니다
zombie_clear00	<flash>${stageName}를(을) 좀비에게서 지켜냈습니다!</flash><br>고양이 통조림 10개를 획득했습니다!
zombie_clear01	<flash>이 지역을 좀비에게서 지켜냈습니다!</flash><br>%@지역의 보물출현율 UP!
zombie_clear02	<flash>전 세계를 좀비로부터 지켜냈습니다!</flash><br>통솔력의 최대치가 ${EnergyNum} UP!
zombie_clear03	<flash>특정 스테이지의 보물출현율 UP! </flash><br>보물 리스트를 확인!
zombie_clear04	<flash>세계 전 지역을 좀비에게서 지켜냈습니다!</flash><br>통솔력의 최대치가 ${EnergyNum} UP!
zombie_clear05	<flash>우주 전체를 좀비에게서 지켜냈습니다!</flash><br>통솔력의 최대치가 ${EnergyNum} UP!
zombie_area_00	한국~일본
zombie_area_01	호주~인도
zombie_area_02	네팔~마다가스카르
zombie_area_03	남아프리카~그리스
zombie_area_04	이탈리아~독일
zombie_area_05	프랑스~덴마크
zombie_area_06	노르웨이~그린란드
zombie_area_07	캐나다~아르헨티나
zombie_area_08	마추픽추~할리우드
zombie_area_09	알래스카
zombie_area_10	하와이・달
receivedBoxText	※수신일로부터 30일이 경과한 아이템은 자동적으로 삭제됩니다.
receive_version_error	어플리케이션을 최신 버전으로 업데이트하면<br>획득 가능합니다.
receive_network_error	통신 에러로<br>아이템을 획득하지 못하였습니다.
receive_honor_popup	<flash>%s</flash>
receive_item_popup	%s +%d
receive_item_popup_xp	%s +%d
receive_item_popup_chara	캐릭터 「%s」
receive_item_popup_chara_evolve	캐릭터 「%s」 제3형태
receive_item_popup_last	획득하였습니다.
zombie_treasure	이 지역을 좀비에게서 지켜냈습니다!<br>%@지역의 보물출현율 UP!
zombie_treasure01	이 페이지의 전 스테이지를 좀비에게서 지켜냈습니다!<br>이 페이지의 전 스테이지의 보물출현율 UP!
receive_list_network_error	통신 에러로<br>내용을 불러오지 못하였습니다.
receive_item_none_popup	현재 받을 수 있는 <br>아이템이 없습니다.
serial_error_popup	선물을 받을 수 없습니다.<br>서포터에게 <br>문의하시길 바랍니다.
ponos_games_url	https://ponos.s3.amazonaws.com/iphone/kr/battlecats.html
zombie_comp	이 지역을 좀비에게서 지켜냈습니다!<br>%@지역의 보물출현율 UP!<br>전 세계를 좀비로부터 지켜냈습니다!<br>통솔력 최대치 UP BONUS!
zombie_comp01	이 페이지의 전 스테이지를 좀비에게서 지켜냈습니다!<br>이 페이지의 전 스테이지 보물출현율 UP!<br>세계의 전 지역을 좀비에게서 지켜냈습니다!<br>통솔력 최대치UP 보너스!
zombie_comp02	이 페이지의 전 스테이지를 좀비에게서 지켜냈습니다!<br>이 페이지의 전 스테이지 보물출현율 UP!<br>우주 전체를 좀비에게서 지켜냈습니다!
Space09_Invasion_stageclear_txt1	<flash>수수께끼의 생명체에게서 우주를 지켜냈습니다!</flash><br>EX캐릭터<br>「필리버스터X」를 획득!<br>파워 업 화면에서 획득할 수 있습니다.
maxcollab_mg	콜라보 기간이 아니므로 캐릭터를 획득할 수 없습니다.
maxcollab_popup	<flash>EX캐릭터 「%@」 획득!</flash><br>파워 업 화면에서 획득할 수 있습니다.
slot_set_error	<color=255,255,0>출진 슬롯에 캐릭터를 세팅해 주세요!</color>
shop_category1	배틀 아이템
shop_category2	경험치
shop_category3	가마토토 탐험대
collabo_send_message	「%@」에서 쓸 수 있는 콜라보 특전을 획득할 수 있습니다.<br>「%@」를 실행하시겠습니까?
collabo_send_title_0	
collabo_send_scheme_0	
collabo_send_url_0	
collabo_send_url_android_0	
collabo_send_title_1	
collabo_send_scheme_1	
collabo_send_url_1	
collabo_send_url_android_1	
collabo_send_title_2	
collabo_send_scheme_2	
collabo_send_url_2	
collabo_send_url_android_2	
collabo_send_title_3	
collabo_send_scheme_3	
collabo_send_url_3	
collabo_send_url_android_3	
collabo_send_title_4	
collabo_send_scheme_4	
collabo_send_url_4	
collabo_send_url_android_4	
collabo_send_title_5	
collabo_send_scheme_5	
collabo_send_url_5	
collabo_send_url_android_5	
collabo_send_title_14	
collabo_send_scheme_14	
collabo_send_url_14	
collabo_send_url_android_14	
collabo_send_title_17	
collabo_send_scheme_17	
collabo_send_url_17	
collabo_send_url_android_17	
collabo_send_title_23	
collabo_send_scheme_23	
collabo_send_url_23	
collabo_send_url_android_23	
collabo_send_title_24	
collabo_send_scheme_24	
collabo_send_url_24	
collabo_send_url_android_24	
collabo_send_title_25	
collabo_send_scheme_25	
collabo_send_url_25	
collabo_send_url_android_25	
collabo_send_title_26	
collabo_send_scheme_26	
collabo_send_url_26	
collabo_send_url_android_26	
collabo_send_title_27	
collabo_send_scheme_27	
collabo_send_url_27	
collabo_send_url_android_27	
collabo_send_title_6	
collabo_send_scheme_6	
collabo_send_url_6	
collabo_send_url_android_6	
collabo_send_title_15	
collabo_send_scheme_15	
collabo_send_url_15	
collabo_send_url_android_15	
collabo_send_title_16	
collabo_send_scheme_16	
collabo_send_url_16	
collabo_send_url_android_16	
collabo_send_title_18	
collabo_send_scheme_18	
collabo_send_url_18	
collabo_send_url_android_18	
collabo_send_title_19	
collabo_send_scheme_19	
collabo_send_url_19	
collabo_send_url_android_19	
collabo_send_title_20	
collabo_send_scheme_20	
collabo_send_url_20	
collabo_send_url_android_20	
collabo_send_title_7	
collabo_send_scheme_7	
collabo_send_url_7	
collabo_send_url_android_7	
collabo_send_title_8	
collabo_send_scheme_8	
collabo_send_url_8	
collabo_send_url_android_8	
collabo_send_title_9	
collabo_send_scheme_9	
collabo_send_url_9	
collabo_send_url_android_9	
collabo_send_title_10	
collabo_send_scheme_10	
collabo_send_url_10	
collabo_send_url_android_10	
collabo_send_title_11	
collabo_send_scheme_11	
collabo_send_url_11	
collabo_send_url_android_11	
collabo_send_title_12	크래시 피버
collabo_send_scheme_12	kr.wonderplanet.crashfever://Nyanko?code=001
collabo_send_url_12	https://itunes.apple.com/kr/app/crash-fever/id1185514851
collabo_send_url_android_12	https://play.google.com/store/apps/details?id=kr.wonderplanet.CrashFever
collabo_send_title_13	크래시 피버
collabo_send_scheme_13	kr.wonderplanet.crashfever://Nyanko?code=002
collabo_send_url_13	https://itunes.apple.com/kr/app/crash-fever/id1185514851
collabo_send_url_android_13	https://play.google.com/store/apps/details?id=kr.wonderplanet.CrashFever
collabo_send_title_21	
collabo_send_scheme_21	
collabo_send_url_21	
collabo_send_url_android_21	
collabo_send_title_22	
collabo_send_scheme_22	
collabo_send_url_22	
collabo_send_url_android_22	
scheme_item_param_3	
scheme_popup_3	<flash>EX캐릭터 「%@」획득!</flash>
scheme_popup_3_option	<flash>EX캐릭터 「%@」획득!</flash><br>파워 업 화면에서 획득할 수 있습니다.
scheme_popup_3_option_get	특전을 이미 획득하셨습니다.<br>파워 업 화면에서 확인해 주세요.
scheme_item_param_57	enquete/3/kr/t73zvwyf
scheme_popup_57	<flash>앙케이트 참가 보상!<br>%@ %@개 획득!</flash>
scheme_popup_browser	이벤트 보수 획득!<br>고양이 기지에서 확인할 수 있습니다
scheme_popup_browser_get	이미 획득한 이벤트 특전입니다
rarity_name_1	기본 캐릭터
rarity_name_2	EX
rarity_name_3	레어
rarity_name_4	슈퍼 레어
rarity_name_5	울트라 슈퍼 레어
rarity_name_6	레전드 레어
unlock_popup_message_0	<flash>보물 해방!!</flash><br>각지에 잠들어 있는 보물을 모아<br>강력한 특수효과를 발동시키자!
unlock_popup_message_1	<flash>파워 업 화면이 등장</flash><br>메인 메뉴에서<br>선택할 수 있게 되었습니다!<br>전투에 출진할 수 있습니다.
unlock_popup_message_2	<flash>적 캐릭터 도감이 해방되었습니다!</flash><br>지금까지 출현한 적 캐릭터의<br>프로필을 볼 수 있습니다.
unlock_popup_message_3	<flash>｢아이템 샵｣이 해방되었습니다!</flash><br>스테이지 클리어에 도움이 되는<br>다양한 아이템을<br>구입할 수 있습니다.
unlock_popup_message_4	<flash>냥코 도감이 해방되었습니다!</flash><br>획득한 냥코들의<br>프로필을 볼 수 있습니다
unlock_popup_message_5	<flash>가마토토 탐험대가 해방되었습니다!</flash><br>가마토토를 탐험시키면<br>여러가지 아이템을 획득할 수 있습니다
unlock_popup_message_6	<flash>「아이템 샵」에 신상품 추가!</flash><br>가마토토 탐험대에 도움이 되는 아이템을<br>구입할 수 있습니다
unlock_popup_message_7	<flash>레벨 상한 해방!</flash><br>캣츠아이를 사용하여 캐릭터의<br>레벨 상한을 해방 시킬 수 있습니다<br>레벨 30을 달성한 후 사용할 수 있습니다
unlock_popup_message_8	<flash>이벤트 스테이지 해방!</flash><br>타이틀 화면에서 이동할 수 있습니다
unlock_popup_message_9	<flash>세계편에 새로운 장이 출현!</flash><br>타이틀 화면의 세계편을 선택하면<br>새로운 장에 도전할 수 있습니다!
unlock_popup_message_10	<flash>세계편에 새로운 장이 출현!</flash><br>타이틀 화면의 세계편을 선택하면<br>새로운 장에 도전할 수 있습니다!
unlock_popup_message_11	<flash>챌린지 배틀 해방!</flash><br>메인 메뉴에서 도전할 수 있습니다<br>또한 진화 전의 모습으로 전환할 수 있는<br>｢전환 버튼｣이 추가되었습니다!
unlock_popup_message_12	<flash>뽑기 해방!</flash><br>고양이 기지에 뽑기가 출현했습니다
unlock_popup_message_13	<flash>新キャラメッセージ</flash>
unlock_popup_message_14	<flash>클리어 보너스!</flash><br>EX캐릭터 「콩콩 냥코｣ 획득!<br>파워 업 화면에서 무료로 획득 가능합니다.
unlock_popup_message_15	<flash>올 클리어 보너스!</flash><br>EX캐릭터 ｢귀여미｣ 획득!<br>파워 업 화면에서 무료로 획득 가능합니다.
unlock_popup_message_16	<flash>타이틀 화면에 「레전드 스토리」 출현!</flash><br>부정기적으로 개최되는 이벤트 스테이지도<br>「레전드 스토리」에서 도전할 수 있습니다
unlock_popup_message_17	<flash>미래편이 출현!</flash><br>타이틀 화면의 미래편을 선택하면<br>새로운 스테이지에 도전할 수 있습니다!
unlock_popup_message_18	<flash>「전 캐릭터」 표시가 추가되었습니다!</flash><br>획득한 캐릭터 목록을 볼 수 있습니다.<br>파워 업 화면 등에서 선택 가능합니다.
unlock_popup_message_19	<flash>캐릭터 편성이 등장했습니다!</flash><br>편성 화면에서 캐릭터를 선택하면<br>전투에 출진시킬 수 있습니다.
unlock_popup_message_20	<flash>출진 슬롯 수가 증가!</flash><br>캐릭터 편성화면에서 슬롯을<br>3개까지 가질 수 있게 되었습니다!
unlock_popup_message_21	<flash>유저 랭크가 해방되었습니다!</flash><br>목표 랭크를 달성하면 보수 획득!<br>파워업 수의 합이 유저랭크가 됩니다.
unlock_popup_message_22	<flash>「냥콤보」가 해방되었습니다!</flash><br>캐릭터를 조합해서 콤보 스킬 발동!<br>편성화면의 냥콤보 도감에서 확인할 수 있습니다
unlock_popup_message_23	<flash>냥코 도장이 해방되었습니다!!</flash><br>타이틀 화면의 냥코 도장에서<br>실력을 측정해 보세요!
unlock_popup_message_24	<flash>올 클리어 보너스!</flash><br>냥콤보의 새로운 힘을 획득!<br>캐릭터 편성 화면의 냥콤보 도감에서<br>확인 가능합니다.
unlock_popup_message_25	<flash>미래편에 새로운 장이 출현!</flash><br>타이틀 화면의 미래편을 선택하면<br>새로운 장에 도전할 수 있습니다!
unlock_popup_message_26	<flash>미래편에 새로운 장이 출현!</flash><br>타이틀 화면의 미래편을 선택하면<br>새로운 장에 도전할 수 있습니다!
unlock_popup_message_27	<flash>올 클리어 보너스</flash><br>EX캐릭터<br>「고양이 발키리」의 제3형태 획득!<br>합계 레벨 20이상 달성시 진화 가능합니다.
unlock_popup_message_28	<flash>올 클리어 보너스!</flash><br>냥콤보의 새로운 힘을 획득!<br>캐릭터 편성 화면의 냥콤보 도감에서<br>확인 가능합니다.
unlock_popup_message_29	<flash>올 클리어 보너스!</flash><br>EX캐릭터<br>「고양이 무트」의 제3형태 획득!<br>합계 레벨 20이상 달성시 진화 가능합니다.
unlock_popup_message_30	<flash>올 클리어 보너스!</flash><br>냥콤보의 새로운 힘을 획득!<br>캐릭터 편성 화면의 냥콤보 도감에서<br>확인 가능합니다.
unlock_popup_message_31	<flash>개다래 열매 저장고가 해방!</flash><br>진화에 필요한 개다래 열매를 모으는게 가능!<br>고양이 기지의 저장고에서 사용 가능합니다
unlock_popup_message_32	<flash>녹화 기능을 사용 할 수 있게 되었습니다!</flash><br>타이틀 화면의「옵션」에서 자동녹화를<br>ON으로 설정하면 전투개시시 자동으로 녹화가 시작!!<br>전투가 끝나면 자동으로 녹화도 끝납니다.
unlock_popup_message_33	<flash>공유 동영상을 볼 수 있게 되었습니다!</flash><br>타이틀 화면의「옵션」과 고양이 기지의<br>「메뉴」에서 확인 할 수 있습니다.
unlock_popup_message_34	<flash>레벨 제한 해방!</flash><br>레벨의 제한이 해방되어<br>더욱 파워 업 할 수 있게 되었습니다!
unlock_popup_message_35	<flash>새로운 캐릭터가 출현했습니다!</flash><br>파워 업 화면에서 획득할 수 있습니다.
unlock_popup_message_36	<flash>새로운 캐릭터가 출현했습니다!</flash><br>파워 업 화면에서 획득할 수 있습니다.
unlock_popup_message_37	<flash>새로운 캐릭터가 출현했습니다!</flash><br>파워 업 화면에서 획득할 수 있습니다.
unlock_popup_message_38	<flash>새로운 캐릭터가 출현했습니다!</flash><br>파워 업 화면에서 획득할 수 있습니다.
unlock_popup_message_39	<flash>새로운 캐릭터가 출현했습니다!</flash><br>파워 업 화면에서 획득할 수 있습니다.
unlock_popup_message_40	<flash>새로운 캐릭터가 출현했습니다!</flash><br>파워 업 화면에서 획득할 수 있습니다.
unlock_popup_message_41	<flash>새로운 캐릭터가 출현했습니다!</flash><br>파워 업 화면에서 획득할 수 있습니다.
unlock_popup_message_42	<flash>새로운 캐릭터가 출현했습니다!</flash><br>파워 업 화면에서 획득할 수 있습니다.
unlock_popup_message_43	<flash>새로운 캐릭터가 출현했습니다!</flash><br>파워 업 화면에서 획득할 수 있습니다.
unlock_popup_message_44	<flash>새로운 캐릭터가 출현했습니다!</flash><br>파워 업 화면에서 획득할 수 있습니다.
unlock_popup_message_45	<flash>새로운 캐릭터가 출현했습니다!</flash><br>파워 업 화면에서 획득할 수 있습니다.
unlock_popup_message_46	<flash>새로운 캐릭터가 출현했습니다!</flash><br>파워 업 화면에서 획득할 수 있습니다.
unlock_popup_message_47	<flash>새로운 캐릭터가 출현했습니다!</flash><br>파워 업 화면에서 획득할 수 있습니다.
unlock_popup_message_48	<flash>새로운 캐릭터가 출현했습니다!</flash><br>파워 업 화면에서 획득할 수 있습니다.
unlock_popup_message_49	<flash>올 클리어 보너스!</flash><br>EX 캐릭터 「%@」 획득!<br>파워 업 화면에서 무료로 획득할 수 있습니다.
unlock_popup_message_50	<flash>올 클리어 보너스!</flash><br>EX 캐릭터 「%@」 획득!<br>파워 업 화면에서 무료로 획득할 수 있습니다.
unlock_popup_message_51	<flash>클리어 보너스!</flash><br>EX 캐릭터 「%@」 획득!<br>파워 업 화면에서 무료로 획득할 수 있습니다.
unlock_popup_message_52	<flash>클리어 보너스!</flash><br>EX 캐릭터 「%@」 획득!<br>파워 업 화면에서 무료로 획득할 수 있습니다.
unlock_popup_message_53	<flash>올 클리어 보너스!</flash><br>EX캐릭터<br>「%@」의 제3형태 획득!<br>합계 레벨 20이상 달성시 진화 가능합니다
unlock_popup_message_54	<flash>올 클리어 보너스!</flash><br>EX캐릭터<br>「%@」의 제3형태 획득!<br>합계 레벨 20이상 달성시 진화 가능합니다
unlock_popup_message_55	<flash>「오토토 개발대」가 해방되었습니다!</flash><br>냥코성의 외견과 냥코 대포의 성능을<br>바꿀 수 있습니다<br>가마토토에서 확인 가능합니다
unlock_popup_message_56	<flash>냥코 미션이 해방되었습니다!</flash><br>여러 미션을 달성하면<br>보수를 받을 수 있습니다
unlock_popup_message_57	<flash>우주편이 출현!</flash><br>타이틀 화면의 우주편을 선택하면<br>새로운 스테이지에 도전할 수 있습니다!
unlock_popup_message_58	<flash>올 클리어 보너스!</flash><br>신의 보상을 획득!<br>세계편, 미래편, 우주편에서 신의 힘을<br>저렴하게 이용할 수 있습니다
unlock_popup_message_59	<flash>우주편 클리어를 축하한다냥!</flash><br>다음 장도 업데이트로 추가될 예정이니<br>조금만 기다려달라냥!
unlock_popup_message_60	<flash>올 클리어 보너스!</flash><br>EX캐릭터 「울프와 우루룬」의 제3형태 획득!<br>Lv30달성 후 필요한 XP, 개다래를<br>사용해서 진화 가능합니다.
unlock_popup_message_61	<flash>올 클리어 보너스!</flash><br>EX캐릭터 「꼬맹이 야옹마」의 제3형태 획득!<br>Lv30달성 후 필요한 XP, 개다래를<br>사용해서 진화 가능합니다.
unlock_popup_message_62	<flash>올 클리어 보너스!</flash><br>EX캐릭터 「고양이 냥미」의 제3형태 획득!<br>Lv30달성 후 필요한 XP, 개다래를<br>사용해서 진화 가능합니다.
unlock_popup_message_63	<flash>올 클리어 보너스!</flash><br>EX캐릭터 「무사시」의 제3형태 획득!<br>Lv30달성 후 필요한 XP, 개다래를<br>사용해서 진화 가능합니다.
unlock_popup_message_64	<flash>「레전드 스토리」에 신 레전드 스토리가 출현!</flash><br>「레전드 스토리」에서 도전할 수 있습니다!
unlock_popup_message_65	<flash>레벨 상한 해방!</flash><br>캣츠아이를 사용해서 캐릭터의<br>레벨 상한을 해방 시킬 수 있습니다.<br>※유저 랭크가 1600이상이어야 합니다.
unlock_popup_message_66	<flash>올 클리어 보너스!</flash><br>EX캐릭터 「고양이 라이더 맴매」의 제3형태 획득!<br>Lv30달성 후 필요한 XP, 개다래를<br>사용해서 진화 가능합니다.
unlock_popup_message_67	<flash>클리어 보너스! </flash><br>고양이 드링크 스테이지가 해방되었습니다! <br>고양이 드링크를 소비하여 게릴라 스테이지 등에 도전할 수 있습니다
unlock_popup_message_68	<flash>우주편에 새로운 장이 출현!</flash><br>타이틀 화면의 우주편을 선택하면<br>새로운 장에 도전할 수 있습니다!
unlock_popup_message_69	<flash>우주편 제2장 클리어를 축하한다냥!</flash><br>다음 장도 업데이트로 추가될 예정이니<br>조금만 기다려달라냥!
unlock_popup_message_70	<flash>올 클리어 보너스!</flash><br>EX캐릭터 「%@」를(을) 획득!<br>파워 업 화면에서 획득할 수 있습니다.
unlock_popup_message_71	<flash>「본능」이 해방되었습니다.</flash><br>파워 업 화면에서<br>제3형태로 진화 한 일부 캐릭터의 능력을<br>해방/강화할 수 있습니다.
unlock_popup_message_72	<flash>「냥코클럽」이 해방되었습니다!</flash><br>고양이 기지의 「메뉴」에서<br>확인 할 수 있습니다.
unlock_popup_message_73	<flash>우주편에 새로운 장이 출현!</flash><br>타이틀 화면의 우주편을 선택하면<br>새로운 장에 도전할 수 있습니다!
unlock_popup_message_74	<flash>올 클리어 보너스!</flash><br>아이템「%@+%d」<br>획득!!
unlock_popup_message_75	<flash>스테이지 선택 화면으로 돌아가기 기능이 해방되었습니다!</flash><br>스테이지 클리어 후<br>스테이지 선택 화면으로 돌아갈 수 있습니다.
unlock_popup_message_76	<flash>「냥코 메달」이 해방되었습니다!</flash><br>고양이 기지의 메뉴에서<br>확인하실 수 있습니다.
Castle_Tutorial00	<flash>오토토 개발대에 입대한 걸 축하한다냥!</flash><br>여기서는 냥코성의 외견과 성능을<br>확장 개발할 수 있다냥!
Castle_Tutorial01	냥코성의 개발대장 오토토를 탭하여<br>개발 설계도를 선택하자냥!
Castle_Tutorial02	장비 변경을 탭하여<br>냥코성의 외견을 바꿔보자냥!
Castle_part00	토대
Castle_part01	장식
Castle_part02	주포
Castle_dev_finish00	<flash>냥코성 강화가 완료되었습니다!</flash><br>LEVEL ${level1} → <color=255,255,0>${level2}</color>
Castle_dev_finish01	<flash>${recipeName}의 ${partsName} 개발이 완료되었습니다!</flash>
Castle_dev_finish02	<flash>${recipeName}의 ${partsName} 강화가 완료되었습니다!</flash><br>LEVEL ${level1} → <color=255,255,0>${level2}</color>
Castle_lock00	냥코성을 개발하기 위해서는<br>냥코 대포 공격력・냥코 대포 사정거리・냥코 대포 충전의<br>레벨이 10이어야 합니다
Castle_lock01	이 부품을 개발하기 위해서는<br>%@<br>를(을) 달성해야 합니다
Castle_lock02	이 부품을 개발하기 위해서는<br>%@의 주포가 개발되어 있어야 합니다
Castle_lock03	필요한 재료가 부족합니다<br>※레전드 스토리의 스테이지에서 가끔 획득할 수 있습니다
Castle_lock03a	개발에 필요한 조수가 부족합니다<br>※가마토토 탐험 에리어에서 발견할 수 있습니다.
Castle_lock04	이 이상 레벨을 올릴 수 없습니다!<br>이 버전에서는<br>이 이상 강화할 수 없습니다
Castle_lock05	이 부품을 강화하기 위해서는<br>%@<br>를(을) 달성해야 합니다
Castle_researcher	오토토 개발대의 조수로 채용하였습니다<br>개발을 한번만 도와줍니다
Castle_dev_suspend	작업을 중단하시겠습니까?<br>※중단할 경우 조수와 재료는 돌아오지 않습니다
Castle_researcher_name00	조수 #%d
Castle_researcher_name01	조수
Castle_researcher_counter	조수수
Castle_researcher_desc	냥코성 개발을 도와주는 조수<br>※개발이 완료되면 집으로 돌아갑니다
Castle_dev_start00	냥코성 강화를 시작합니다
Castle_dev_start01	${recipeName}의 ${partsName} 개발을 시작합니다
Castle_dev_start02	${recipeName}의 ${partsName} 강화를 시작합니다
Castle_material_drop00	<flash>재료 획득!</flash><br>
Castle_material_drop01	×
Castle_researcher_get	%@를(을) 발견했습니다!
Castle_UnlockDataId_1	슬로우포의 주포 개발을 완료하고 유저랭크 600
Castle_UnlockDataId_2	철벽포의 주포 개발을 완료하고 유저랭크 900
Castle_UnlockDataId_3	천둥포의 주포 개발을 완료하고 유저랭크 900
Castle_UnlockDataId_4	냥코 대포 공격력 합계 레벨 30<br>냥코 대포 충전 합계 레벨 30
Castle_UnlockDataId_5	물총포의 주포 개발을 완료하고 유저 랭크 900
Castle_UnlockDataId_6	천사포의 주포 개발을 완료하고 유저 랭크900
Castle_UnlockDataId_7	캐논포의 주포 개발을 완료하고<br>유저 랭크 900
local_notification_custom	오토토가 임무를 마치고 돌아왔다냥~!!
Castle_AutoChange	<flash>토대・장식・주포의 장비가 변경되었습니다</flash>
Castle_shoter00	%@를(을) 사용하시겠습니까? ,작업 시간이 %d시간 단축됩니다
Castle_shoter01	작업 시간이 ,시간 단축되었습니다!
castle_connection_failed	개발 시간의 획득에 실패하였습니다. 통신환경이 좋은 곳에서 다시 접속하여 주세요.
castle_fraud	단말기 시간이 변경되었을 가능성이 있습니다. 일정 시간동안 개발 시간이 흐르지 않습니다.
beacon_event_date	開催期間: %d年%d月%d日～%d年%d月%d日まで
beacon_event_before	にゃんこビーコンのイベントは<br>現在、開催してないにゃ
beacon_event_held	にゃんこビーコン電波を<br>検索してるにゃ～
beacon_event_held2	イベント報酬を受け取ると<br>取得済マークがつくにゃ
beacon_bluetooth_off	にゃんこビーコン受信するなら<br>Bluetoothをオンにして<br>ほしいにゃ～
beacon_location_off	にゃんこビーコン受信するなら<br>位置情報の利用を許可して<br>ほしいにゃ～
beacon_location_authorization	にゃんこビーコン受信するなら<br>位置情報の利用を許可して<br>ほしいにゃ～
beacon_pushinfo_off	にゃんこビーコン受信するなら<br>プッシュ通知設定をオンにするにゃ
beacon_wifi_off	にゃんこビーコン受信するなら<br>Wi-Fiをオンにするにゃ
beacon_reward_before	にゃんこビーコン報酬はまだ取得していません
beacon_reward_received	にゃんこビーコン報酬は受け取り済みです
beacon_event_2017520	京都みやこめっせで記念キャラを取得しよう！<br>5/20～5/21に開催されるBitSummit2017会場の<br>にゃんこブースに訪問すれば<br>記念キャラ「ネコまねき」を取得可能！<br>※にゃんこビーコン受信設定が必要です<br>※詳細はバナーをタップ！
beacon_unsupported_device	この端末/OSバージョンには対応していません
not_enough_space_left_on_device	단말기에 용량이 부족하여 다운로드하지 못했습니다.
ranking_description	<flash>랭킹 스테이지</flash><br>하이스코어에 따라 순위가 바뀌는 스테이지입니다.<br>※하이스코어 등록에는 데이터 연결이 필요합니다.<br>※이벤트가 종료되면 스코어와 순위가 리셋됩니다.
ranking_unauthorized	고양이 통조림이 부족합니다<br>이 스테이지를 도전하기 위해서는 통조림이 필요합니다
ranking_suspend	전투를 중지할까요?
ranking_error01	랭킹 서버와의 통신이 원활하지 않습니다.
ranking_default	―
ranking_title01	달인
ranking_title02	초고수
ranking_title03	고수
ranking_title04	중수
ranking_title05	하수
ranking_title06	초보
ranking_title07	병아리
ranking_resultcomment	<flash>잠정 순위 상위 %d!</flash><br> %@의 호칭을 주겠다냥!
ranking_start	<flash>냥코 도장 랭킹 이벤트 개최 중!</flash><br>(이벤트 개최 기간: %d/%02d/%02d ~ %d/%02d/%02d)<br>랭킹 스테이지에 도전해서 다른 유저들과 순위를 다투어보자냥!<br>기간 종료 후, 순위에 따라 보수를 받을 수 있다냥!
ranking_announce01	<flash>냥코 도장 랭킹 이벤트 결과 발표</flash><br>(이벤트 개최 기간: %d/%02d/%02d ~ %d/%02d/%02d)<br>최종 순위: 상위 %d%!<br>보수는 수신박스에서 받을 수 있습니다.<br>(수취 기간은 1개월간입니다)
ranking_announce02	<flash>냥코 도장 랭킹 이벤트 결과 발표</flash><br>(이벤트 개최 기간: %d/%02d/%02d ~ %d/%02d/%02d)<br>최종 순위: 상위 %d%!<br>이번에는 보수권 밖이다냥<br>다음을 노려보자냥!
ranking_no_reward	없음
urguerrilla_warning00	%d번 클리어하면 재도전이 불가능한 스테이지입니다.<br>클리어하기까지 계속해서 도전할 수 있습니다.
mission_receive_achieved	<flash>미션 달성!</flash>
mission_receive_item	<color=255,255,0>보수: %@ %d개</color>
mission_receive_item_xp	<color=255,255,0>보수: %@ +%d</color>
mission_receive_item_chara	<color=255,255,0>보수: 캐릭터「%@」</color>
mission_receive_item_chara_evolve	<color=255,255,0>보수: 캐릭터「%@」제3형태</color>
everyplay_mapname_E	EX스테이지
everyplay_mapname_N	레전드 스토리
everyplay_mapname_S	스페셜 스테이지
everyplay_mapname_C	콜라보 스테이지
everyplay_mapname_T	냥코 도장
everyplay_mapname_V	스페셜 스테이지
everyplay_mapname_J	세계편 제%d장
everyplay_mapname_W	미래편 제%d장
everyplay_mapname_P	우주편 제%d장
everyplay_mapname_Z	(좀비화)
lang	ko
network_unavailable	네트워크에 액세스할 수 없습니다.
connecting	접속 중…
error	에러가 발생했습니다.
gamecenter_noauth	Game Center에 로그인해 주세요.
purchase_unavailable	결제가 무효 설정 되어있습니다. 설정 기능제한에서 App내 구입을 ON으로 해주세요
purchase_failed	구입에 실패했습니다.
purchase_verifying	구입 중입니다.
disconnected	접속이 중단되었습니다.
invalid_data_received	무효한 데이터를 수신하였습니다.
nekokan_bonus_msg	<span class='kakoi2'>%d개 이득!!</span>
Copied_txt	클립보드에 복사 했습니다.
err_txt	로딩 에러
err_v_txt	어플 버전이 구버전이므로\n데이터를 불러올 수 없습니다.\n\n｢업데이트｣ 버튼을 눌러\n어플을 업데이트 해주세요.\n
nyanko_url	https://ponosgames.com/dl/index_kr.html
nyanko_update	업데이트
catfoodbuy_txt	구입완료
catfoodtapjoy_txt	무료 고양이 통조림 +%d개\n획득했습니다!
adreward_txt	%@ +%d개\n획득했습니다!
twitter_hash	#냥코대전쟁
yes_txt	예
no_txt	아니요
Rank_txt0	유저 랭크
Rank_txt1	캐릭터와 전력 아이템의 레벨 합계가
Rank_txt2	유저랭크로 표시됩니다.
Rank_txt3	일정 유저 랭크를 달성하면
Rank_txt4	유저 랭크 보수를 받을 수 있습니다
downloading	다운로드 중
download_wrn_cellular	Wi-Fi 환경이 아닙니다. 모바일 데이터를 사용합니다.\n※핸드폰 계약 내용에 따라 데이터 비용이 발생할 수 있습니다.
download_err	다운로드에 실패했습니다.\n접속 환경을 확인해 주세요.
download_retry	다시 시도
warning_text1	｢냥코 대전쟁｣은 무료로 플레이 가능합니다.
warning_text2	※일부 유료 콘텐츠를 포함합니다.
url_err	이용 중인 버전에서는 대응하지 않는 기능입니다. 게임을 업데이트해주세요.
sign_in	로그인
sign_out	로그아웃
model_conversion	기종변경
notice	PUSH알림
push_on	ON
push_off	OFF
local_push	통솔력 통지
local_notification	통솔력이 MAX다냥!
local_notification_expedition	가마토토가 탐험에서 돌아왔다냥~!!
google_1	로드 중
google_2	세이브 중
google_3	불러오는 중
nyanko_storage	냥코 저장고에 %d개 보내졌습니다
settle_nyanko	현재 %d개 가지고 있습니다
boss_hp	보스 남은 체력
clear_1	첫 클리어 보너스
clear_2	고양이 통조림 +30개
pause_1	전투 중의 데이터가 있습니다.
pause_2	전투 중으로 돌아가겠습니까?
ok_txt	OK
evolveWarningText0	레벨
evolveWarningText1	XP
evolveWarningText2	진화 재료
evolveWarningText3	부족
evolveWarningText4	・
gamatotoReward_1	고양이 통조림을 발견했다냥!
gamatotoReward_1_1	아이템 주머니를 발견했다냥!
gamatotoReward_2	광고를 시청하면 얻을 수 있다냥!
gamatotoReward_3	발굴할까요?
gama_collabo_00_popup	<flash>실황 파워풀 프로야구 콜라보 개최 중!</flash><br>실황 파워풀 프로야구의 마스코트 「건다」가<br>가마토토 탐험대에 임시 입대!<br>콜라보 기간 중, 획득 아이템이 UP!<br>※고양이 통조림은 대상 외입니다
gama_collabo_00_name	건다
gama_collabo_00_charatext	실황 파워풀 프로야구에서 가마토토 탐험대에 임시 입대한<br>마스코트 캐릭터. 콜라보 기간 중, 획득 아이템을 늘려줍니다.<br>※고양이 통조림은 대상 외입니다
gama_collabo_01_popup	<flash>소멸도시 콜라보 개최 중!</flash><br>타쿠야를 서포트해주는 친구 긱이<br>가마토토 탐험대에 임시 가입!<br>콜라보 기간 중, 획득 아이템 수가 UP된다냥!<br>※고양이 통조림은 예외다냥!
gama_collabo_01_name	긱
gama_collabo_01_charatext	소멸도시에서 가마토토 탐험대에 임시 가입한 기술자<br>콜라보 기간 중, 획득 아이템 수를 UP 시켜줍니다<br>※고양이 통조림은 예외
gama_collabo_02_popup	<flash>메르크 스토리아 콜라보 개최 중!</flash><br>믿음직한 몬스터 토토가<br>가마토토 탐험대에 임시 가입!<br>콜라보 기간 중, 획득 아이템 수가 UP된다냥!<br>※고양이 통조림은 예외다냥!
gama_collabo_02_name	토토
gama_collabo_02_charatext	메르크 스토리아에서 임시 가입한 몬스터<br>콜라보 기간 중, 획득 아이템 수를 UP 시켜준다<br>※고양이 통조림은 예외
beginnerPack1_Title	초보자 응원팩 구입
beginnerPack2_Title	초보자 응원팩 구입
beginnerPack3_Title	초보자 응원팩 구입
beginnerPack1	고양이 통조림 %d개→ 
beginnerPack2	XP %d → 
beginnerPack3	트레저 레이더 %d개→ 
beginnerPack4	고양이 도령 %d개→ 
beginnerPack5	고양이 박사 %d개→ 
beginnerPack6	스냥이퍼 %d개→ 
beginnerPack1_result	%d개
beginnerPack2_result	%d
beginnerPack3_result	%d개
beginnerPack4_result	%d개
beginnerPack5_result	%d개
beginnerPack6_result	%d개
tapjoy_video_error	동영상 재생에 실패하였습니다. 통신환경을 다시 한번 확인해 주세요.
line_appli_url	https://itunes.apple.com/jp/app/line/id443904275?mt=8
line_appli_url_android	https://play.google.com/store/apps/details?id=jp.naver.line.android&hl=ko
line_message	にゃんこ大戦争を一緒にプレイしてほしいにゃ！
serial_txt1	시리얼 코드가 입력되었습니다!\n타이틀화면 오른쪽 밑의「수신 BOX」버튼에서 확인해 주세요.
serial_txt2	※「수신 BOX」버튼은 「일본」클리어 후에 표시됩니다.
serial_txt3	※선물 수령시에는 Game Center에 로그인해 주세요.
serial_txt4	※아직 받지 않은 선물의 시리얼코드가 취소 되었습니다.\n코드 입력 페이지의 주의사항을 확인해 주세요.
warningtxt1	게임이 초기 상태이기 때문에\n세이브할 데이터가 없습니다.
autoSave_txt1	문의 코드\n%@\n문의 코드를 분실하시면 서포트를 받으실 수 없습니다.\n위의 코드는 옵션 화면에서 언제든지 확인할 수 있습니다.
autoSave_txt2	문의 코드:%@
autoSave_txt3	문의 코드는 반드시 메모한 후, 소중히 보관해주세요.
autoSave_txt4	문의 코드를 분실하시면 어떠한 서포트도 받으실 수 없습니다.
autoSave_txt5	문의 코드
autoSave_txt6	문의 코드는 반드시 메모한 후, 소중히 보관해주세요.
collaboration_txt1	콜라보 특전 %d을(를) 획득!
collaboration_txt2	콜라보 특전 을(를) 획득!
nyancombo_txt1	탭으로 캐릭터 이름 표시
nyancombo_txt2	<color=255,212,0>【노멀】</color>
nyancombo_txt3	<color=255,212,0>【EX】</color>
nyancombo_txt4	<color=255,212,0>【레어】</color>
nyancombo_txt5	<color=255,212,0>【슈퍼 레어】</color>
nyancombo_txt6	<color=255,212,0>【울트라 슈퍼 레어】</color>
nyancombo_txt7	<color=255,212,0>【레전드 레어】</color>
nyancombo_txt8	???
nyancombo_txt9	 ?????
nyancombo_txt10	출진 슬롯의 첫번째 페이지에 해당 캐릭터를 세팅하면 스킬 발동!
nyancombo_txt11	콤보명을 더블탭하면 자동으로 세팅할 수 있습니다
nyancombo_pop0	「%@」의 캐릭터를
nyancombo_pop1	현재 슬롯에 세팅합니다.
nyancombo_pop2	세팅할까요?
pictureBook1	%@의 냥콤보
pictureBook2	이걸 힌트로 새로운 냥콤보를 발동시키자!
picBook_getCatFood	<flash>%@를 해방했습니다! </flash><br>고양이 통조림 5개를 획득했습니다!
picBook_filteringMiss1	검색한 결과 해당하는 캐릭터를
picBook_filteringMiss2	발견하지 못했습니다.
picBook_Rarity0	노멀
picBook_Rarity1	EX
picBook_Rarity2	레어
picBook_Rarity3	슈퍼 레어
picBook_Rarity4	울트라 슈퍼 레어
picBook_Rarity5	레전드 레어
gamestop	부정한 세이브 데이터를 발견하였습니다.\n이용규약에 따라\n더 이상 어플 이용이 불가능합니다.
gamestop_base	문의코드의 사용이 정지되었습니다. <br>타이틀 화면으로 이동합니다.
daily_login_date	%d일째
filter_err1	검색 결과, 해당되는 캐릭터를
filter_err2	발견하지 못했습니다.
exstage_text1	EX스테이지 「%@」가 출현했습니다!
exstage_text2	도전하겠습니까?
exstage_text3	스피드 업 외의 아이템은 이어지지 않습니다.
unit_evol_0	f
unit_evol_1	c
unit_evol_2	s
unit_evol_3	u
img001.png	img001_ko.png
img001.imgcut	img001_ko.imgcut
img002.png	img002_ko.png
img002.imgcut	img002_ko.imgcut
img004.png	img004_ko.png
img004.imgcut	img004_ko.imgcut
img006.png	img006_ko.png
img006.imgcut	img006_ko.imgcut
img008.png	img008_ko.png
img008.imgcut	img008_ko.imgcut
img009.png	img009_ko.png
img009.imgcut	img009_ko.imgcut
img010.png	img010_ko.png
img010.imgcut	img010_ko.imgcut
img011.png	img011_ko.png
img011.imgcut	img011_ko.imgcut
img012.png	img012_ko.png
img012.imgcut	img012_ko.imgcut
img019.png	img019_ko.png
img019.imgcut	img019_ko.imgcut
img022.png	img022_ko.png
img022.imgcut	img022_ko.imgcut
img023.png	img023_ko.png
img023.imgcut	img023_ko.imgcut
img024.png	img024_ko.png
img024.imgcut	img024_ko.imgcut
img027.png	img027_ko.png
img027.imgcut	img027_ko.imgcut
img028.png	img028_ko.png
img028.imgcut	img028_ko.imgcut
img029.png	img029_ko.png
img029.imgcut	img029_ko.imgcut
img031.png	img031_ko.png
img031.imgcut	img031_ko.imgcut
img033.png	img033_ko.png
img033.imgcut	img033_ko.imgcut
img037.png	img037_ko.png
img037.imgcut	img037_ko.imgcut
img041.png	img041_ko.png
img041.imgcut	img041_ko.imgcut
img100.png	img100_ko.png
img100.imgcut	img100_ko.imgcut
item000.png	item000_ko.png
ec047.png	ec047_ko.png
ec047.imgcut	ec047_ko.imgcut
ec048.png	ec048_ko.png
ec048.imgcut	ec048_ko.imgcut
nyancombo_autoset1	「%@」의 캐릭터를<br>현재 슬롯에 세팅합니다.<br>세팅할까요?
nyancombo_autoset2	「%@」의 캐릭터를<br>현재 슬롯에 세팅합니다.<br><color=255,0,0>현재 사용 중인 냥콤보를 덮어쓰게 됩니다.<br>세팅할까요?</color>
nyancombo_autoset3	진화 상태가 맞지 않는 캐릭터가 있어<br>「%@」는(은) 발동하지 않았습니다.<br>※진화 상태를 확인하여 주세요
challenge_popup	챌린지 배틀에 온 걸 환영해!<br>클리어 시간이 빠를수록 고득점을 얻을 수 있는 스테이지!<br>몇번이고 도전해서 하이스코어를 노리자냥!<br>※이 스테이지에서 아이템은 사용할 수 없습니다.
everyplay_mapname_M	스페셜 스테이지
everyplay_mapname_R	랭킹 스테이지
stage_restriction_dot	･
stage_restriction_cost_over	%d원 이상
stage_restriction_cost_under	%d원 이하
stage_restriction_cost_just	%d원만
stage_restriction_limit_1	레어도: <color=255,255,0>%@</color>
stage_restriction_limit_2	스테이지에서 출격 가능한 최대 캐릭터 수: <color=255,255,0>%d개</color>
stage_restriction_limit_3	출진 슬롯: <color=255,255,0>%d페이지만</color>
stage_restriction_limit_4	생산 코스트: <color=255,255,0>%@</color>
stage_restriction_limit_5	지정 캐릭터: <color=255,255,0>%@</color>
stage_restriction_text_0	출격 가능한 캐릭터 조건
stage_restriction_text_1	출진 슬롯이 위 조건에 맞지 않습니다
stage_restriction_warning	이 캐릭터는 출격할 수 없습니다!
stage_restriction_level_select	<color=255,255,0>출격 제한 있음</color>
stage_restriction_charagroup_1	
stage_restriction_charagroup_2	꼬마 호무라, 아케미 호무라 외의 캐릭터
stage_restriction_charagroup_3	베베(나기사&고양이) 외의 캐릭터
initializing_adgeneration	기능을 불러오고 있습니다. \n잠시 후에 이용해 주세요.
VAMPErrorCodeNotSupportedOsVersion	지원하지 않는 OS버전입니다
VAMPErrorCodeUnknown	불분명한 에러
VAMPErrorCodeServerError	서버 간 통신 에러
VAMPErrorCodeNoAdnetwork	접속 시간이 초과하였습니다
VAMPErrorCodeNeedConnection	네트워크에 접속하지 못하였습니다
VAMPErrorCodeMediationTimeout	접속 시간이 초과하였습니다
VAMPErrorCodeUserCancel	취소되었습니다
VAMPErrorCodeNoAdStock	더 이상 볼 수 있는 광고가 없습니다
VAMPErrorCodeAdnetworkError	접속 시간이 초과하였습니다
VAMPIncentiveError	로딩 에러로 인해 <br>획득에 실패하였습니다.
everyplay_community_url	https://everyplay.com/the-battle-cats/home
GiftMessage_000	<flash>☆★☆ 스테이지 클리어 보너스 ☆★☆</flash><br>제2장을 모두 클리어하면<br>EX캐릭터 ｢고양이 발키리｣를<br>획득할 수 있다냥!
GiftMessage_001	<flash>☆★☆ 스테이지 클리어 보너스 ☆★☆</flash><br>제3장을 모두 클리어하면<br>EX캐릭터 ｢고양이 무트｣를<br>획득할 수 있다냥!
GiftMessage_002	<flash>☆★☆ 스테이지 클리어 보너스 ☆★☆</flash><br>미래편 제2장을 모두 클리어하면<br>EX캐릭터 「고양이 발키리」를<br>제3형태로 진화시킬 수 있다냥!
GiftMessage_003	<flash>☆★☆ 스테이지 클리어 보너스 ☆★☆</flash><br>그리스를 클리어하면<br>EX캐릭터 「콩콩 냥코」를<br>획득할 수 있다냥!
GiftMessage_004	<flash>☆★☆ 스테이지 클리어 보너스 ☆★☆</flash><br>제1장을 클리어하면<br>EX캐릭터 「귀여미」를<br>획득할 수 있다냥!
GiftMessage_005	<flash>스테이지 클리어 보너스①</flash><br>「탈옥터널」의 최종 스테이지를 클리어하면<br>초 레어 캐릭터 「울프와 우루룬」을<br>적은 확률로 획득할 수 있다냥!
GiftMessage_006	<flash>스테이지 클리어 보너스②</flash><br>「끝을 알리는 밤」의 최종 스테이지를 클리어하면<br>초 레어 캐릭터 「꼬맹이 야옹마」를<br>적은 확률로 획득할 수 있다냥!
GiftMessage_007	<flash>☆★☆ 스테이지 클리어 보너스 ☆★☆</flash><br>미래편 제3장을 모두 클리어하면<br>EX캐릭터 「고양이 무트」를 제3형태로<br>진화시킬 수 있다냥!
GiftMessage_008	<flash>스테이지 클리어 보너스③</flash><br>「취약성과 약산성」의 최종 스테이지를 클리어하면<br>초 레어 캐릭터 「고양이 냥미」를<br>적은 확률로 획득할 수 있다냥!
GiftMessage_009	<flash>스테이지 클리어 보너스④</flash><br>「할리우드 제국」의 최종 스테이지를 클리어하면<br>초 레어 캐릭터 「무사시」를<br>적은 확률로 획득할 수 있다냥!
GiftMessage_010	<flash>☆★☆ 스테이지 클리어 보너스 ☆★☆</flash><br>우주편 제1장을 모두 클리어하면<br>수수께끼의 보상을 획득할 수 있다냥!
GiftMessage_011	<flash>☆★☆ 스테이지 클리어 보너스 ☆★☆</flash><br>미래편 제1장을 모두 클리어하면<br>「냥콤보」에 새로운 힘을 추가할 수 있다냥!
GiftMessage_012	<flash>스테이지 클리어 보너스⑤</flash><br>「신・전설의 시작」의 최종 스테이지를 클리어하면<br>초 레어 캐릭터 「고양이 라이더 맴매」를<br>제3형태로 진화시킬 수 있다냥!
GiftMessage_013	<flash>☆★☆ 스테이지 클리어 보너스 ☆★☆</flash><br>우주편 제2장을 모두 클리어하면<br>수수께끼의 보상을 획득할 수 있다냥!
GiftMessage_014	<flash>☆★☆ 스테이지 클리어 보너스 ☆★☆</flash><br>우주편 제3장을 모두 클리어하면<br>신비의 보물을 <br>획득할 수 있다냥!
GiftMessage_015	<flash>☆★☆ 스테이지 클리어 보너스 ☆★☆</flash><br>우주편 제3장에서 수수께끼의 생명체를 물리치면<br>신비의 보물을<br>획득할 수 있다냥!
GiftMessage_016	<flash>스테이지 클리어 보너스⑥</flash><br>「돌아온 영혼」의 최종 스테이지를 클리어하면<br>초 레어 캐릭터 「토우전사 도그마루」를<br>적은 확률로 획득할 수 있다냥!
GiftMessage_017	<flash>스테이지 클리어 보너스⑦</flash><br>「우뭇가사리 금광」의 최종 스테이지를 클리어하면<br>초 레어 캐릭터 「펜리르와 우르스」를<br>적은 확률로 획득할 수 있다냥!
GiftMessage_018	<flash>'고대연구소' 스테이지 레벨 4에 수수께끼의 생명체가 출현!</flash>
LvUpLimit_txt	이 이상 파워 업할 수 없습니다.
LvUpLimitMax_txt	현재 버전에서 설정된 레벨을 이미 달성했습니다.
option_qrcode_title	나의 QR코드
option_qrcode_txt1	이 코드는 특정 이벤트에서 사용하는 QR코드입니다.
option_qrcode_txt2	소중한 정보이므로 코드가 필요한 이벤트 이외에는 이용하지 말아주세요.
option_qrcode_txt3	코드를 읽힐 때에는 화면을 밝게 해주세요.
matatabi_growup_1	${itemName}를(을) ${Num}개 합쳐서<br>개다래 열매로 성장시킵니다.<br>※아주 드물게 무지개 개다래 열매로 성장하는 경우가 있습니다.
matatabi_growup_2	${itemName}를(을) ${Num}개 합쳐서<br>개다래 열매로 성장시킵니다.
cube_growup_1	${itemName}를(을) ${Num}개 합쳐서<br>수석 결정으로 성장시킵니다.
drop_popup_item	${rewardName}<br><color=255,255,0>아이템 </color>「${itemName}+${itemNum}」<br>${itemPossession}
drop_popup_xp	${rewardName} <br>「${itemName}+${itemNum}」
drop_reward	드롭 보상 <flash>획득!!</flash>
score_reward	스코어 보상 <flash>획득!!</flash>
item_possession	<color=178,178,178>（보유 개수: ${itemNum1} → ${itemNum2}）</color>
drop_popup_chara_first	%@<br>%@ 「%@」<br><flash>파워 업 화면에서 획득할 수 있습니다</flash>
drop_popup_treasure	<color=255,255,0>보물</color> %@%@<br><flash>획득!!</flash>
drop_popup_chara_third_evolve	%@<br>%@<br>「%@」 제3형태<br><flash>합계 레벨 20이상 달성시 진화 가능합니다</flash>
drop_popup_chara_levelup1	%@<br>%@ 「%@」 획득!<br>레벨%d → 레벨%d+%d<br><flash>파워 업했습니다!</flash>
drop_popup_chara_levelup2	%@<br>%@ 「%@」 획득!<br>레벨%d → 레벨%d+%d<br><flash>파워 업했습니다!</flash>
drop_popup_chara_levelmax1	%@<br>%@ 「%@」 획득!<br>레벨%d → 레벨%d+%d<br><flash>레벨이 한계에 도달했습니다!</flash>
drop_popup_chara_levelmax2	%@<br>%@ 「%@」 획득!<br>레벨%d+%d → 레벨%d+%d<br><flash>레벨이 한계에 도달했습니다!</flash>
drop_popup_chara_limit	%@<br>%@ 「%@」 획득!<br>현재 이 이상 플러스 레벨을<br>올릴 수 없습니다!
drop_rarity_1	EX캐릭터
drop_rarity_2	레어 캐릭터
drop_rarity_3	슈퍼 레어 캐릭터
drop_rarity_4	울트라 슈퍼 레어 캐릭터
drop_rarity_5	레전드 레어 캐릭터
nekovitan_Tutorial00	고양이 드링크를 소비하여 게릴라 스테이지 등에 도전할 수 있습니다<br>고양이 드링크는 아이템 샵 등에서 획득 가능합니다.
nekovitan_battle00	전투를 중지할까요?<br>지금이라면 고양이 드링크가 돌아옵니다(10초 이내)
rareGatya_omakeTicket	이 레어 뽑기를 돌리면 1회당<br><flash>%@</flash> 1장 선물!
nekovitan_shop0	고양이 드링크가 부족합니다<br>아이템 샵에서 구입하겠습니까?
nekovitan_shop1	고양이 드링크를 구입하기 위해<br>아이템 샵으로 이동할까요?
kill_application	게임을 종료하시겠습니까?
receive_item_none_BoxText	※수신 박스에 받을 수 있는 아이템이 없습니다.
nyanko_club_gift_txt_clubitemID0	<flash>냥코클럽 골드회원<br>레어 티켓 1장 선물!</flash><br>
nyanko_club_gift_txt_clubitemID1	<flash>냥코클럽 골드회원<br>30일간 「스피드 업」을 무제한으로 쓸 수 있습니다</flash><br>
nyanko_club_expiration_date_txt1	냥코클럽 골드회원의 유효기간이 <br>%d일 남았습니다.<br>골드회원 자격 유지는 냥코클럽에서 진행하실 수 있습니다.
nyanko_club_expiration_date_txt2	냥코클럽 골드회원의 유효기간이 <br>곧 다가옵니다.<br>골드회원 자격 유지는 냥코클럽에서 진행하실 수 있습니다.
nyanko_club_error_time_manipulation_txt1	단말기 시간이 변경되어 있습니다. ※복구까지 최대 2일 정도 걸리는 경우가 있습니다.
nyanko_club_error_already_gold_txt1	이미 골드회원입니다.
nyanko_club_error_gold_400_txt1	「에러」가 발생하였습니다。
nyanko_club_error_gold_500_txt1	에러가 발생하였습니다。
nyanko_club_error_out_of_term_txt1	현재 구입할 수 없습니다.
nyanko_club_error_gold_none_user_data_txt1	에러가 발생하였습니다
nyanko_club_error_normal_none_user_ID_txt1	「에러」가 발생하였습니다.
nyanko_club_error_normal_400_txt1	「에러」가 발생하였습니다.
nyanko_club_error_normal_500_txt1	에러가 발생하였습니다．
nyanko_club_error_other_txt1	통신 에러가 발생하였습니다.
nyanko_club_char_change_txt1	탭하여 아이콘 변경
potential_exchange_np	NP로 교환합니다.<br>교환하시겠습니까? (%d → <color=255,255,0>%d</color>)
potential_exchange_np_set	%d개 합쳐서<br>NP로 교환합니다.<br>교환 하시겠습니까? (%d → <color=255,255,0>%d</color>)
potential_exchange_all_item	합쳐서 교환합니다<br>어느 것으로 교환하시겠습니까?
potential_exchange_all_item_np	저장고 안에 있는 모든 캐릭터를 <br>NP 로 교환합니다.<br>교환하시겠습니까? (%d → <color=255,255,0>%d</color>)
potential_exchange_gatya_result	NP/XP 어느 것으로 교환하시겠습니까?
potential_skill_acquisition	NP를 소비하여 <br>능력의 해방을 진행하시겠습니까?
potential_skill_levelup	NP를 소비하여 <br>능력의 강화를 진행하시겠습니까?
potential_skill_warning00	NP가 부족합니다.
potential_skill_lvmax	이 이상 레벨을 올릴 수 없습니다!<br>이 버전에서는<br>이 이상 강화할 수 없습니다.
potential_exchange_error	이 이상 NP로<br>교환 할 수 없습니다!
potential_skill_get	이 능력은 이미 해방되었습니다.
potential_acquisition_result	<flash>%@이(가) 해방되었습니다!<flash>
potential_levelup_result	<flash>%@이(가) 레벨%d(으)로 강화되었습니다.<flash>
potential_skill_name01	공격력 다운
potential_skill_name02	움직임을 멈춘다
potential_skill_name03	움직임을 느리게 한다
potential_skill_name04	공격 타겟 한정
potential_skill_name05	엄청 강하다
potential_skill_name06	맷집이 좋다
potential_skill_name07	초 데미지
potential_skill_name08	날려버린다
potential_skill_name09	워프
potential_skill_name10	공격력 업
potential_skill_name11	살아남는다
potential_skill_name12	성 파괴가 특기
potential_skill_name13	크리티컬
potential_skill_name14	좀비 킬러
potential_skill_name15	베리어 브레이커
potential_skill_name16	격파시 머니 UP
potential_skill_name17	파동 공격
potential_skill_name18	공격력 다운 내성
potential_skill_name19	움직임을 멈춘다 내성
potential_skill_name20	움직임을 느리게 한다 내성
potential_skill_name21	날려버린다 내성
potential_skill_name22	파동 데미지 내성
potential_skill_name23	파동 스톱퍼
potential_skill_name24	워프 내성
potential_skill_name25	생산 코스트 할인
potential_skill_name26	생산 스피드 업
potential_skill_name27	이동 속도 업
potential_skill_name28	노크백 회수 업
potential_skill_name29	고대의 저주 무효
potential_skill_name30	고대의 저주 내성
potential_skill_name31	기본 공격력 업
potential_skill_name32	기본 체력 업
potential_skill_name33	속성 빨간 적
potential_skill_name34	속성 떠있는 적
potential_skill_name35	속성 검은 적
potential_skill_name36	속성 메탈
potential_skill_name37	속성 천사
potential_skill_name38	속성 에어리언
potential_skill_name39	속성 좀비
potential_skill_name40	속성 고대종
potential_skill_name41	속성을 가지지 않는 적
potential_skill_name44	공격력 다운 무효
potential_skill_name45	움직임을 멈춘다 무효
potential_skill_name46	움직임을 느리게 한다 무효
potential_skill_name47	날려버린다 무효
potential_skill_name48	파동 데미지 무효
potential_skill_name49	워프 무효
potential_skill_name50	혼신의 일격
potential_skill_name51	공격 무효
potential_skill_name52	독 데미지 내성
potential_skill_name53	독 데미지 무효
potential_skill_name54	열파 데미지 내성
potential_skill_name55	열파 데미지 무효
potential_skill_name56	열파 공격
return_stageselect_error00	이벤트 기간이 종료되었습니다.!<br>고양이 기지로 이동합니다!
return_stageselect_error01	더 이상 이벤트에 도전할 수 없습니다!<br>고양이 기지로 이동합니다!
return_stageselect_error02	수취 가능한 보수가 있습니다!<br>고양이 기지로 이동합니다!
h13_inquiry_button	문의하기
h13_inquiry_error	네트워크에 액세스할 수 없습니다.\n통신환경을 ON으로 설치하신 후\n재시도 부탁드립니다.
filter_option_description0	<color=0,0,0>냥코 도감에서 즐겨찾기로 설정한 <br>캐릭터가 표시됩니다. <br>즐겨찾기를 설정하지 않은 경우에는 선택할 수 없습니다. </color>
filter_option_description1	<color=0,0,0>출격 조건이 설정되어 있는 스테이지에서는 <br> 출격 가능한 캐릭터를 표시합니다. </color>
sort_tutorial_txt1	<flash>검색하기 기능과 정렬 기능이 해방되었습니다!</flash><br>화면 중앙의 오른쪽 버튼에서 캐릭터를 검색하고,<br>화면 중앙의 왼쪽 버튼에서 캐릭터를 정렬하실 수 있습니다.
item_pack_purchased_chara	%@캐릭터<color=255,255,0>「%@」</color><br>
enemy_list_title	출현하는 적
enemy_name_question	？？？
calendar_title	알림 설정했던 이벤트가 개최되고 있다냥!
calendar_error	서버 통신이 원활하지 않거나 <br>단말기 시간이 변경되었습니다.<br>통신 환경 및 단말기 시간을 확인하여주시기 바랍니다.
calendar_99h	99시간 이상
legendquest_tutorial1	전설의 퀘스트에 온 것을 환영한다냥!<br>여기에서는 스테이지 및 편성 내용이<br>랜덤으로 결정된다냥!
legendquest_tutorial2	스테이지에 도전하기 위해서는 왕관이 필요하다냥!<br>왕관은 레전드 맵의 스테이지 레벨 1~4를<br>각각 클리어하면 획득할 수 있다냥!
legendquest_tutorial3	레전드 퀘스트에서는 전투 중 이탈하면<br>왕관, 통솔력, 아이템이 돌아오지 않으므로<br>주의하여 도전하자냥!
legendquest_Cancel	왕관이 부족합니다.<br>레전드 맵을 클리어하여<br>왕관을 모아보세요!
legendquest_warning	왕관이 부족합니다.<br>레전드 맵을 클리어하여<br>왕관을 모아보세요!
legendquest_popup	<flash>레전드 퀘스트</flash><br>랜덤으로 선택되는 스테이지와 출격 편성으로 공략하자냥!<br>※통솔력과 레전드 맵에서 획득한 왕관을 소비하여 도전할 수 있습니다.<br>※각 스테이지는 도전할 때마다 소비하는 왕관의 수가 늘어납니다.<br>※전투 중, 이탈하면 왕관, 통솔력, 아이템은 돌아오지 않습니다.
score_sns	우리 냥코 군단이 %@에서 %d점을 획득했습니다. %s %s
legend_sns	우리 냥코 군단이 전설의 퀘스트의 %@를(을) 정복했습니다.%s %s
nekodojo_sns	우리 냥코 군단이 냥코 도장 %@에서 %d점을 획득했습니다. %s %s
ranking_sns	우리 냥코 군단이 랭킹 스테이지 %@에서 %d점을 획득했습니다. %s %s
challenge_sns	우리 냥코 군단이 챌린지 배틀 %@에서 %d점을 획득했습니다. %s %s
tower_sns	우리 냥코 군단이 냥코탑 %@를(을) 정복했습니다. %s %s
sns_txt1	우리 냥코 군단이 %@를(을) 정복했습니다. %s %s
gpp_item_popup	아이템을 획득하였습니다!<br>수신박스에서 받을 수 있습니다.
age_confirmation	스토어 정책 변경에 따라<br>적절한 광고를 표시하기 위한<br>연령 확인을 진행합니다.
error_age_confirmation	통신 에러가 발생하였습니다. <br>통신 환경을 확인해주십시오.
restart_item	<flash>리스타트 팩 구입<flash><br>세계편 3장까지 클리어 데이터 GET!!<br>캐릭터 13개 GET!!<br>냥코 티켓 10장 GET!!<br>레어 티켓 1장 GET!!
restart_overwrite	구입한 리스타트 팩을 사용하시겠습니까?<br><color=255,0,0>※사용할 경우, 현재 플레이 데이터는 사라집니다.<br>※사용하지 않을 경우, 구입한 내용은 전부 사라집니다.</color>
restart_reflect	구입 내용이 반영되었습니다!<br>세계편 클리어 데이터 GET!!<br>뽑기 티켓 GET!!
slot_message	「%s」 <flash>%d개</flash> 획득!
slot_lastmessage	결과 발표!
slot_SNS_000	#냥코 슬롯#「%s」 %d개 획득했다냥! <br>https://battlecats.club/7anniversary/slot/
medal_txt1	%s 획득!
medal_txt2	메달 %d개 획득!
medal_unknown	「???」<br>???
line_Confirmation	LINE이 설치되어 있지 않습니다.<br>앱스토어로 이동하시겠습니까?
talk_Reward	「%s」 <flash>%d개</flash> 획득!
talk_000_push	부탁 좀 계속해서 들어줄래냥?
DL_permission	최신 게임 데이터를 다운로드합니다.<br>통신 환경이 좋은 곳에서 다운로드해 주시길 바랍니다.<br>데이터 사이즈: %s MB
map_minutes	【피로 회복중이다냥…】<br>고양이 드링크 A를 ${itemNum}개 사용하시겠습니까?<br>클리어 가능 횟수가 1 회복됩니다<br><color=255,255,0>클리어 가능 횟수 0/${countNum} (${minutes1}분 후에 1 회복)</color>
assault_warning	%d번 스테이지를 클리어하면<br>다음 도전까지 잠시 기다리셔야 합니다
talk_001_push	하루가 지났으니 고양이 기지로 오라냥~
slot_clearteam_txt_0	전회 클리어 시의 편성을 이용하시겠습니까?
slot_clearteam_txt_1	전회 클리어 시의 편성을 이용 중입니다
slot_clearteam_txt_2	<flash>전회 클리어 시의 편성으로 변경하였습니다!</flash>
slot_clearteam_txt_3	편성 화면에서 「전회 클리어 시의 편성을 이용하기」 표시 끄기
slot_clearteam_error	<color=255,255,0>이 스테이지는 전회 클리어 시의 편성이 없습니다</color>
slot_copy_clearteam	전회 클리어한 편성을 복사했습니다.<br>복사할 슬롯으로 이동하여<br>「붙여 넣기」를 선택해주세요
slot_paste_clearteam	전회 클리어한 편성으로 바꿉니다.<br>바꾸시겠습니까?
hidden_rarity_0	조잡한 지도
hidden_rarity_1	평범한 지도
hidden_rarity_2	최고급 지도
drop_popup_hidden	%@를 <flash>발굴!</flash><br>고양이 기지에서 감정됩니다!
hidden_hour	앞으로 %d시간 %d분으로 감정 완료!
hidden_minutes	앞으로 %d분으로 감정 완료!
unlock_popup_message_77	<flash>「지도」를 발굴할 수 있게 되었습니다!</flash><br>「레전드 스토리」에서<br>드물게 획득 가능합니다.
unlock_popup_message_78	<flash>레벨 업!</flash><br>지도의 발굴 레벨이<color=255,255,0> %d</color>가(이) 되었습니다!<br>더 귀중한 지도를 발굴할 수 있게 되었습니다!
enemy_name_unknown	미확인 적 캐릭터
nyancombo_overwrite_popup_title	냥콤보를 세팅할까요?
nyancombo_overwrite_popup_description	콤보명을 탭하여 능력을 표시
000_gatya_rare.png	i000_gatya_rare_ko.png
000_gatya_rare.imgcut	000_gatya_rare_ko.imgcut
000_gatya.png	i000_gatya_ko.png
000_gatya.imgcut	000_gatya_ko.imgcut
003_gatya_tuika01.png	003_gatya_tuika01_ko.png
003_gatya_tuika01.imgcut	003_gatya_tuika01_ko.imgcut
002_bank.png	i002_bank_ko.png
002_bank.imgcut	002_bank_ko.imgcut
nekodojo_twitter	우리 「냥코 군단」이 냥코 도장 %@에서 %d점을 획득했습니다. %@
nekodojo_facebook	우리 「냥코 군단」이 냥코 도장 %@에서 %d점을 획득했습니다. \n %@
tower_twitter	우리「냥코 군단」이 풍운 냥코탑의 %@을 정복했습니다.
tower_facebook	우리「냥코 군단」이 풍운 냥코탑의 %@을 정복했습니다.\n%@
facebook_txt1	우리들 ｢냥코 군단｣이 %@을(를) 정복했습니다.\n%@
twitter_txt1	우리들 ｢냥코 군단｣이 %@을(를) 정복했습니다.
picBook_getCatFood1	%@이(가) 해방되었습니다!
picBook_getCatFood2	고양이 통조림 5개 획득했습니다!
challenge_twitter	우리 ｢냥코 군단｣이 챌린지 배틀 %@에서 %d점을 획득하였습니다.
challenge_facebook	우리 ｢냥코 군단｣이 챌린지 배틀 %@에서 %d점을 획득하였습니다.\n %@
ranking_twitter	우리 ｢냥코 군단｣이 랭킹 스테이지 %@에서 %d점을 획득하였습니다. %@
ranking_facebook	우리 ｢냥코 군단｣이 랭킹 스테이지 %@에서 %d점을 획득하였습니다.\n %@
app_name	냥코대전쟁
review1	｢냥코 대전쟁｣이 마음에 든다면\n평가 부탁 드립니다♪｣
review2	평가하기
review3	나중에 하기
review4	평가 하지 않음
facebook_txt2	냥코 대전쟁에서 쾌거달성☆ 드디어 챌린지모드 클리어!!
facebook_txt3	강추어플♪ 징글귀염☆냥코들이 대폭동! ｢냥코 대전쟁｣ 실행 후 아래의 초대코드를 입력하면 특별 보너스 경험치 10,000을 얻을 수 있어!\\n■귀여미 초대코드｢%@｣\\n※일본 클리어 후, 입력가능.\\n%@
facebook_txt4	강추어플♪ 징글귀염☆냥코들이 대폭동! ｢냥코 대전쟁｣ 실행 후 아래의 초대코드를 입력하면 특별 보너스 경험치 10,000을 얻을 수 있어!\\n■콩콩 냥코 초대코드｢%@｣\\n※일본 클리어 후, 입력가능.\\n%@
twitter_txt2	냥코 대전쟁에서 쾌거달성☆ 드디어 챌린지모드 클리어!!
twitter_txt3	강추어플♪ 징글귀염 ｢냥코 대전쟁｣☆초대코드로 경험치 10,000을 획득하자!\n■귀여미 초대코드:｢%@｣※일본 클리어 후, 입력가능
twitter_txt4	강추어플♪ 징글귀염 ｢냥코 대전쟁｣☆초대코드로 경험치 10,000을 획득하자!\n■콩콩 냥코 초대코드:｢%@｣※일본 클리어 후, 입력가능
line_txt1	푹 빠지는 징글귀염☆ 냥코 게임으로 이제 매일이 지루하지않아!\\n■귀여미 초대 코드｢%@｣\\n※일본 클리어 후, 입력가능합니다.\\n%@
line_txt2	푹 빠지는 징글귀염☆ 냥코 게임으로 이제 매일이 지루하지않아!\n■귀여미 초대 코드｢%@｣\n※일본 클리어 후, 입력가능합니다.\n%@
line_txt3	푹 빠지는 징글귀염☆ 냥코 게임으로 이제 매일이 지루하지않아!\\n■콩콩 냥코 초대 코드｢%@｣\\n※일본 클리어 후, 입력가능합니다.\\n%@
line_txt4	푹 빠지는 징글귀염☆ 냥코 게임으로 이제 매일이 지루하지않아!\n■콩콩 냥코 초대 코드｢%@｣\n※일본 클리어 후, 입력가능합니다.\n%@
kakao_txt1	푹 빠지는 징글귀염☆ 냥코 게임으로 이제 매일이 지루하지않아!\\n■귀여미 초대 코드｢%@｣\\n※일본 클리어 후, 입력가능합니다.\\n
kakao_txt2	푹 빠지는 징글귀염☆ 냥코 게임으로 이제 매일이 지루하지않아!\n■귀여미 초대 코드｢%@｣\n※일본 클리어 후, 입력가능합니다.\n%@
kakao_txt3	우리들 ｢냥코 군단｣이 %@을(를) 정복했습니다.
err_txt1	부정 데이터A를 검출하였습니다.
err_txt2	부정 데이터B를 검출하였습니다.
err_txt3	부정 데이터C를 검출하였습니다.
err_txt4	부정 데이터D를 검출하였습니다.
err_txt5	부정 데이터E를 검출하였습니다.
err_txt6	부정 데이터F를 검출하였습니다.
kerihime_txt1	「발차기 공주 돌격대」를 기동해\n콜라보 아이템을\nGET 할까요?
kerihime_txt2	「발차기 공주 돌격대」를 기동해\n콜라보 아이템을 입수하기 위해서는\n다시 한번 발차기 공주 스테이지를\n클리어할 필요가 있습니다.\n정말 괜찮겠습니까?
kerihime_txt3	해당 어플이 없습니다.\n「발차기 공주 돌격대」를\n다운로드 하시겠습니까?
kerihime_txt4	어느 스테이지에서 놀꺼다냥?
kerihime_txt5	간단
kerihime_txt6	고난도
kerihime_txt7	고난도 스테이지에 도전!!
kerihime_txt8	클리어하면%@의 확률로
kerihime_txt9	신 캐릭터 「고양이 공주」」획득!!
kerihime_txt11	발차기 공주 돌격대를 기동해\n「고양이 샤먼의 지팡이」를\n획득하시겠습니까?
kerihime_txt12	「고양이 샤먼의 지팡이」를\n획득 하기 위해서는\n다시한번, 매혹의 프린세스의\n스테이지１을 클리어\n해야합니다.\n정말 괜찮겠습니까?
kerihime_txt13	해당 어플이 없습니다.\n「발차기 공주 돌격대」를\n다운로드 할까요?
kerihime_txt21	발차기 공주 돌격대를 기동해\n「신의 창 야옹그릴」을\nGET 할까요?
kerihime_txt22	「신의 창 야옹그릴」을\n획득 하기 위해서는\n다시한번, 발차기 공주 스테이지의\n스테이지 1을 클리어\n해야합니다.\n정말 괜찮겠습니까?
kerihime_txt23	해당 어플이 없습니다.\n「발차기 공주 돌격대」를\n다운로드 할까요?
kerihime_tw49	우리들 「냥코 군단」이 「발차기 공주 스테이지」를 침략했습니다.
kerihime_tw50	냥코 대전쟁에서 전설 달성☆ 드디어 고난도「발차기 공주 스테이지」를 클리어!!
kerihime_fa49	우리들 「냥코 군단」이 「발차기 공주 스테이지」를 침략했습니다.
kerihime_fa50	냥코 대전쟁에서 전설 달성☆ 드디어 고난도「발차기 공주 스테이지」를 클리어!!
manbo_scheme	jp.selectbutton.manbotheworld://collaboration/nyanko1
manbo_url	https://itunes.apple.com/kr/app/survive!-mola-mola!/id915222954?l=ko&ls=1&mt=8
manbo_txt11	「살아남아라！개복치！」에서\n사용할 수 있는 콜라보레이션\n특전을 획득할 수 있습니다\n살아남아라! 개복치를 \n실행하시겠습니까?
manbo_txt12	콜라보레이션 특전 획득을\n취소합니다.\n괜찮겠습니까?\n※취소 후 콜라보레이션 아이템을\n획득하기 위해서는 \n스테이지를 다시 클리어 해주세요
manbo_txt13	해당 어플이 없습니다.\n「살아남아라！개복치！」를\n다운로드 하시겠습니까?
manbo_txt14	「살아남아라！개복치！」에서 콜라보 특전을 획득!
manbo_txt15	「살아남아라！개복치！」를 실행하시겠습니까?
manbo_txt16	인스톨 되어있지 않은 경우 스토어로 이동합니다.
appstore_txt1	징글귀염☆ 냥코들이 초~귀~여~워~! 조작도 간단!\n일본 클리어 후에 초대코드를 입력하는것 만으로 특별 보너스 경험치 10,000을 받을 수 있습니다.\n■초대 코드｢%@｣\n모두 다같이 ｢냥코 대전쟁｣에 흠뻑 빠져봅시다♪
iosver_error	iOS를 업데이트해 주세요.
limited_function	지금은 이용이 불가능합니다
noapp_kakao	이 기능을 사용하기 위해서는 카카오톡을 인스톨 해야합니다.
noapp_line	이 기능을 사용하기 위해서는 라인을 인스톨 해야합니다.
store_url	https://itunes.apple.com/kr/app/nyangko-daejeonjaeng/id848091833?l=ko&ls=1&mt=8
url_abbr	https://ponos.s3.amazonaws.com/iphone/kr/battlecats.html
img026.png	img026_ko.png
img026.imgcut	img026_ko.imgcut
img038.png	img038_ko.png
img038.imgcut	img038_ko.imgcut
ec000.png	ec000_ko.png
ec000.imgcut	ec000_ko.imgcut
ec001.png	ec001_ko.png
ec001.imgcut	ec001_ko.imgcut
ec002.png	ec002_ko.png
ec002.imgcut	ec002_ko.imgcut
ec003.png	ec003_ko.png
ec003.imgcut	ec003_ko.imgcut
ec004.png	ec004_ko.png
ec004.imgcut	ec004_ko.imgcut
ec005.png	ec005_ko.png
ec005.imgcut	ec005_ko.imgcut
ec006.png	ec006_ko.png
ec006.imgcut	ec006_ko.imgcut
ec007.png	ec007_ko.png
ec007.imgcut	ec007_ko.imgcut
ec008.png	ec008_ko.png
ec008.imgcut	ec008_ko.imgcut
ec009.png	ec009_ko.png
ec009.imgcut	ec009_ko.imgcut
ec010.png	ec010_ko.png
ec010.imgcut	ec010_ko.imgcut
ec011.png	ec011_ko.png
ec011.imgcut	ec011_ko.imgcut
ec012.png	ec012_ko.png
ec012.imgcut	ec012_ko.imgcut
ec013.png	ec013_ko.png
ec013.imgcut	ec013_ko.imgcut
ec014.png	ec014_ko.png
ec014.imgcut	ec014_ko.imgcut
ec015.png	ec015_ko.png
ec015.imgcut	ec015_ko.imgcut
ec016.png	ec016_ko.png
ec016.imgcut	ec016_ko.imgcut
ec017.png	ec017_ko.png
ec017.imgcut	ec017_ko.imgcut
ec018.png	ec018_ko.png
ec018.imgcut	ec018_ko.imgcut
ec019.png	ec019_ko.png
ec019.imgcut	ec019_ko.imgcut
ec020.png	ec020_ko.png
ec020.imgcut	ec020_ko.imgcut
ec021.png	ec021_ko.png
ec021.imgcut	ec021_ko.imgcut
ec022.png	ec022_ko.png
ec022.imgcut	ec022_ko.imgcut
ec023.png	ec023_ko.png
ec023.imgcut	ec023_ko.imgcut
ec024.png	ec024_ko.png
ec024.imgcut	ec024_ko.imgcut
ec025.png	ec025_ko.png
ec025.imgcut	ec025_ko.imgcut
ec026.png	ec026_ko.png
ec026.imgcut	ec026_ko.imgcut
ec027.png	ec027_ko.png
ec027.imgcut	ec027_ko.imgcut
ec028.png	ec028_ko.png
ec028.imgcut	ec028_ko.imgcut
ec029.png	ec029_ko.png
ec029.imgcut	ec029_ko.imgcut
ec030.png	ec030_ko.png
ec030.imgcut	ec030_ko.imgcut
ec031.png	ec031_ko.png
ec031.imgcut	ec031_ko.imgcut
ec032.png	ec032_ko.png
ec032.imgcut	ec032_ko.imgcut
ec033.png	ec033_ko.png
ec033.imgcut	ec033_ko.imgcut
ec034.png	ec034_ko.png
ec034.imgcut	ec034_ko.imgcut
ec035.png	ec035_ko.png
ec035.imgcut	ec035_ko.imgcut
ec036.png	ec036_ko.png
ec036.imgcut	ec036_ko.imgcut
ec037.png	ec037_ko.png
ec037.imgcut	ec037_ko.imgcut
ec038.png	ec038_ko.png
ec038.imgcut	ec038_ko.imgcut
ec039.png	ec039_ko.png
ec039.imgcut	ec039_ko.imgcut
ec040.png	ec040_ko.png
ec040.imgcut	ec040_ko.imgcut
ec041.png	ec041_ko.png
ec041.imgcut	ec041_ko.imgcut
ec042.png	ec042_ko.png
ec042.imgcut	ec042_ko.imgcut
ec043.png	ec043_ko.png
ec043.imgcut	ec043_ko.imgcut
ec044.png	ec044_ko.png
ec044.imgcut	ec044_ko.imgcut
ec045.png	ec045_ko.png
ec045.imgcut	ec045_ko.imgcut
ec046.png	ec046_ko.png
ec046.imgcut	ec046_ko.imgcut
img007.png	img007_ko.png
img007.imgcut	img007_ko.imgcut
img009_3.png	img009_3_ko.png
img009_3.imgcut	img009_3_ko.imgcut
img009_4.png	img009_4_ko.png
img009_4.imgcut	img009_4_ko.imgcut
img009_5.png	img009_5_ko.png
img009_5.imgcut	img009_5_ko.imgcut
img009_6.png	img009_6_ko.png
img009_6.imgcut	img009_6_ko.imgcut
img013.png	img013_ko.png
img013.imgcut	img013_ko.imgcut
img017.png	img017_ko.png
img017.imgcut	img017_ko.imgcut
img018.png	img018_ko.png
img018.imgcut	img018_ko.imgcut
img030.png	img030_ko.png
img030.imgcut	img030_ko.imgcut
img035.png	img035_ko.png
img035.imgcut	img035_ko.imgcut
img036.png	img036_ko.png
img036.imgcut	img036_ko.imgcut
img050.png	img050_ko.png
img050.imgcut	img050_ko.imgcut
img101.png	img101_ko.png
img101.imgcut	img101_ko.imgcut
img102.png	img102_ko.png
img102.imgcut	img102_ko.imgcut
ot000_c.png	ot000_c_ko.png
ot000_c.imgcut	ot000_c_ko.imgcut
ot000_o.png	ot000_o_ko.png
ot000_o.imgcut	ot000_o_ko.imgcut
ot001_c.png	ot001_c_ko.png
ot001_c.imgcut	ot001_c_ko.imgcut
ot001_o.png	ot001_o_ko.png
ot001_o.imgcut	ot001_o_ko.imgcut
ot002_c.png	ot002_c_ko.png
ot002_c.imgcut	ot002_c_ko.imgcut
ot002_o.png	ot002_o_ko.png
ot002_o.imgcut	ot002_o_ko.imgcut
ot003_c.png	ot003_c_ko.png
ot003_c.imgcut	ot003_c_ko.imgcut
ot003_o.png	ot003_o_ko.png
ot003_o.imgcut	ot003_o_ko.imgcut
ot004_c.png	ot004_c_ko.png
ot004_c.imgcut	ot004_c_ko.imgcut
ot004_o.png	ot004_o_ko.png
ot004_o.imgcut	ot004_o_ko.imgcut
ot005_c.png	ot005_c_ko.png
ot005_c.imgcut	ot005_c_ko.imgcut
ot005_o.png	ot005_o_ko.png
ot005_o.imgcut	ot005_o_ko.imgcut
ot006_c.png	ot006_c_ko.png
ot006_c.imgcut	ot006_c_ko.imgcut
ot006_o.png	ot006_o_ko.png
ot006_o.imgcut	ot006_o_ko.imgcut
ot007_c.png	ot007_c_ko.png
ot007_c.imgcut	ot007_c_ko.imgcut
ot007_o.png	ot007_o_ko.png
ot007_o.imgcut	ot007_o_ko.imgcut
ot008_c.png	ot008_c_ko.png
ot008_c.imgcut	ot008_c_ko.imgcut
ot008_o.png	ot008_o_ko.png
ot008_o.imgcut	ot008_o_ko.imgcut
ot009_c.png	ot009_c_ko.png
ot009_c.imgcut	ot009_c_ko.imgcut
ot009_o.png	ot009_o_ko.png
ot009_o.imgcut	ot009_o_ko.imgcut
ot010_c.png	ot010_c_ko.png
ot010_c.imgcut	ot010_c_ko.imgcut
ot010_o.png	ot010_o_ko.png
ot010_o.imgcut	ot010_o_ko.imgcut
ot011_c.png	ot011_c_ko.png
ot011_c.imgcut	ot011_c_ko.imgcut
000_img013.imgcut	i000_img013_ko.imgcut
terms_network_unavailable	통신 에러가 발생하였습니다. <br>통신 환경을 확인해주십시오.
item_pack_name_21	땡큐땡큐 팩 구입
item_pack_name_22	기간 한정! 플래티넘 티켓 구입
kakao_txt4	푹 빠지는 징글귀염☆ 냥코 게임으로 이제 매일이 지루하지않아!\\n■콩콩 냥코 초대 코드｢%@｣\\n※일본 클리어 후, 입력가능합니다.\\n%@
kakao_txt5	푹 빠지는 징글귀염☆ 냥코 게임으로 이제 매일이 지루하지않아!\n■콩콩 냥코 초대 코드｢%@｣\n※일본 클리어 후, 입력가능합니다.\n%@
push_txt_leadership1	통솔력이 회복되었다냥!
push_txt_leadership2	통솔력이 회복되었다냥! 빨랑빨랑 들어오라냥!
push_txt_leadership3	오래 기다렸다냥! 통솔력이 회복되었다냥!
push_txt_leadership4	통솔력 회복 다 됐는데, 지금 뭐하고 있다냥?
push_txt_leadership5	통솔력이 회복되었다냥! 기다리고 있겠다냥!
push_txt_leadership6	통솔력 회복 완료! 자 전투의 시간이다냥!
push_txt_leadership7	출진 준비 완료! 농땡이 피지 말고 빨리 들어오라냥!!
push_txt_leadership8	보고싶다냥..난 준비되었다냥.. 빨리 들어와달라냥..♡
push_txt_treasure	트레저 페스티벌이 개최중이다냥!
kerihime_txt31	발차기 공주 돌격대를 기동해\n「신의 창 야옹그릴」을\nGET 할까요?
kerihime_txt32	「신의 창 야옹그릴」을\n획득 하기 위해서는\n다시한번, 발차기 공주 스테이지의\n스테이지 1을 클리어\n해야합니다.\n정말 괜찮겠습니까?
kerihime_txt33	해당 어플이 없습니다.\n「발차기 공주 돌격대」를\n다운로드 할까요?
zombie_sns	우리 냥코 군단이 %@를(을) 좀비에게서 지켜내었습니다. %s %s
Invasion_sns	우리 냥코 군단이 수수께끼의 생명체에게서 우주를 지켜내었습니다. %s %s
labyrinth_SNS	우리 냥코 군단이 지하 미궁의 %@을 침략했습니다. %s %s
item_pack_name_23	초보자 응원 팩 구입
item_pack_name_24	초보자 슈퍼 응원 팩 구입
item_pack_name_25	초보자 울트라 응원 팩 구입
item_pack_name_26	프리미엄 세일 구입
talk_002_push	고양이 기지로 가서 계속 이야기하자냥~
equipment_unworn	저장고의 본능 구슬을 장착합니다
equipment_confirm	%@를(을)<br>%@에 장착하시겠습니까?
release_confirm	NP를 소비하여<br>%@를(을) 해제하시겠습니까? (%d → <color=255,255,0>%d</color>)<br>본능 구슬을 탭하여 다른 구슬로 덮어씌울 수도 있습니다
release_error	NP가 부족합니다<br>필요한 NP: %d
composition_confirm	%@를(을) %d개 합성하여<br>등급을 올리시겠습니까? (%@ → <color=255,255,0>%@</color>)
composition_error	합성에는 같은 종류의 본능 구슬이 %d개 필요합니다 <br>현재 %d개 부족합니다
composition_finish	합성 완료!<br>%@ 획득!
composition_limit	이 이상 등급을 올릴 수 없습니다.<br>지금 버전에서는 이 이상 합성할 수 없습니다.
overwrite_confirm	장착 중인 본능 구슬 대신<br>%@를(을) 장착하시겠습니까?<br><color=255,255,0>장착 중인 %@는(은) 사라집니다</color>
overwrite_remind	<color=255,255,0>장착 중인 %@는(은) 사라집니다<br>구슬을 덮어씌우시겠습니까?</color>
exchange_all_equip_np	저장고 안의 모든 본능 구슬을 NP로 교환합니다<br>괜찮겠습니까? (%d → <color=255,255,0>%d</color>)
equipment_drop	${rewardName}<br><color=255,255,0>본능 구슬 </color>「${equipmentName}+${equipmentNum}」<br>${itemPossession}
equipment_limit	저장고에 본능 구슬이 가득 찼습니다<br>합성 혹은 NP로 교환하여<br>저장고 안의 본능 구슬을 줄여주세요<br>
potential_name	본능
potential_storge	현재 저장고에 %d개 가지고 있습니다
slotunlock_medal_txt1	해방 조건을 만족시키지 못하였습니다<br>해방 조건: 냥코 메달 %d개 이상 획득
item_pack_name_27	한정 캐릭터 「레어 뽑기 고양이」 구입
unlock_popup_message_79	<flash>추천 필터 해방!</flash><br>레전드 스토리와 스페셜 스테이지 라벨의<br>스위치를 탭하면<br>클리어하지 않은 스테이지와<br>추천 스테이지가 표시됩니다
filterstage_txt1	【추천 필터】<br>스위치를 ON으로 하면 클리어하지 않은 맵과<br>추천 맵만이 표시됩니다
slotunlock_number_txt1	출진 슬롯%d가(이) 해방되었습니다!
scheme_item_param_77	enquete/4/kr/g8pm7whi
scheme_popup_77	<flash>앙케이트 참가 보상!<br>%@ %@개 획득!</flash>
zombie_talk_0	<flash>%s</flash>에<br>좀비가 습격 중이다냥!
zombie_talk_1	<flash>%s</flash>에<br>좀비가 습격 중이다냥!
chapter_name_0	세계편 1장
chapter_name_1	세계편 2장
chapter_name_2	세계편 3장
chapter_name_4	미래편 1장
chapter_name_5	미래편 2장
chapter_name_6	미래편 3장
chapter_name_7	우주편 1장
unlock_popup_message_80	<flash>고양이 드링크 스테이지 「단죄천사 쿠오리넬 강림」이 해방!</flash><br>고양이 드링크를 사용하여 언제든지 도전할 수 있습니다.
unlock_popup_message_81	<flash>고양이 드링크 스테이지 「지옥문」이 해방!</flash><br>고양이 드링크를 사용하여 언제든지 도전할 수 있습니다.
unlock_popup_message_82	<flash>고양이 드링크 스테이지 「여왕의 비행」이 해방!</flash><br>고양이 드링크를 사용하여 언제든지 도전할 수 있습니다.
unlock_popup_message_83	<flash>고양이 드링크 스테이지 「죽은 뚱땡이 강림」이 해방!</flash><br>고양이 드링크를 사용하여 언제든지 도전할 수 있습니다.
unlock_popup_message_84	<flash>고양이 드링크 스테이지 「치와와 백작 강림」이 해방!</flash><br>고양이 드링크를 사용하여 언제든지 도전할 수 있습니다.
unlock_popup_message_85	<flash>고양이 드링크 스테이지 「밤은 짧아 꿈꿔 아가씨야」가 해방!</flash><br>고양이 드링크를 사용하여 언제든지 도전할 수 있습니다.
unlock_popup_message_86	<flash>고양이 드링크 스테이지 「적색 카타스트로프」가 해방!</flash><br>고양이 드링크를 사용하여 언제든지 도전할 수 있습니다.
unlock_popup_message_87	<flash>고양이 드링크 스테이지 「다크니스 헤븐」이 해방!</flash><br>고양이 드링크를 사용하여 언제든지 도전할 수 있습니다.
unlock_popup_message_88	<flash>고양이 드링크 스테이지 「국사무쌍」이 해방!</flash><br>고양이 드링크를 사용하여 언제든지 도전할 수 있습니다.
unlock_popup_message_89	<flash>고양이 드링크 스테이지 「천벌」이 해방!</flash><br>고양이 드링크를 사용하여 언제든지 도전할 수 있습니다.
unlock_popup_message_90	<flash>고양이 드링크 스테이지 「아이언 냥코의 방」이 해방!</flash><br>고양이 드링크를 사용하여 언제든지 도전할 수 있습니다.
unlock_popup_message_91	<flash>고양이 드링크 스테이지 「절망적인 이차원」이 해방!</flash><br>고양이 드링크를 사용하여 언제든지 도전할 수 있습니다.
unlock_popup_message_92	<flash>고양이 드링크 스테이지 「광란의 고양이 강림」이 해방!</flash><br>고양이 드링크를 사용하여 언제든지 도전할 수 있습니다.
unlock_popup_message_93	<flash>고양이 드링크 스테이지 「광란의 탱크 강림」이 해방!</flash><br>고양이 드링크를 사용하여 언제든지 도전할 수 있습니다.
unlock_popup_message_94	<flash>고양이 드링크 스테이지 「광란의 배틀 강림」이 해방!</flash><br>고양이 드링크를 사용하여 언제든지 도전할 수 있습니다.
unlock_popup_message_95	<flash>고양이 드링크 스테이지 「광란의 징글고양이 강림」이 해방!</flash><br>고양이 드링크를 사용하여 언제든지 도전할 수 있습니다.
unlock_popup_message_96	<flash>고양이 드링크 스테이지 「광란의 황소 강림」이 해방!</flash><br>고양이 드링크를 사용하여 언제든지 도전할 수 있습니다.
unlock_popup_message_97	<flash>고양이 드링크 스테이지 「광란의 새 강림」이 해방!</flash><br>고양이 드링크를 사용하여 언제든지 도전할 수 있습니다.
unlock_popup_message_98	<flash>고양이 드링크 스테이지 「광란의 피쉬 강림」이 해방!</flash><br>고양이 드링크를 사용하여 언제든지 도전할 수 있습니다.
unlock_popup_message_99	<flash>고양이 드링크 스테이지 「광란의 도마뱀 강림」이 해방!</flash><br>고양이 드링크를 사용하여 언제든지 도전할 수 있습니다.
unlock_popup_message_100	<flash>고양이 드링크 스테이지 「광란의 거신 강림」이 해방!</flash><br>고양이 드링크를 사용하여 언제든지 도전할 수 있습니다.
unlockpopup_Guide_1	자세한 내용은 HELP 페이지를 체크!
jinja_saisen00	냥코성 개발 재료를 기원하며<br>100,000XP를 시주하시겠습니까?
jinja_saisen01	개다래를 기원하며<br>1,000,000XP를 시주하시겠습니까?
jinja_saisen02	캣츠아이를 기원하며<br>3,000,000XP를 시주하시겠습니까?
jinja_saisen03	뭔가 굉장히 좋을 것 같은 아이템을 기원하며<br>5,000,000XP를 시주하시겠습니까?
jinja_lock00	XP가 부족합니다.<br>※스테이지 클리어 등으로 획득하거나<br>아이템 샵에서 구입할 수 있습니다.
jinja_lock01	얻을 수 있는 아이템이 없는 듯 하다...
jinja_lock02	사당은 어디론가 떠났다...
jinja_itemget	%@를(을) 획득했습니다!
legend_warning	<color=255,255,0>스테이지 출전 조건<br>레전드 스토리의 모든 스테이지를 클리어</color>
item_pack_name_28	한정 캐릭터 「꼬맹이 클롭스 고양이 계란」 구입
jinja_levelup_popup	<flash>레벨 업!</flash><br>냥코 사당의 레벨이 %d가(이) 되었다냥!<br>
gamatotoReward_1_2	큰주머니를 발견했다냥!
talk_003_push	냥코의 부탁을 들어달라냥!
jinja_omikuji00	5XP를 시주하여 뽑기를 뽑으시겠습니까?
omikuji_lock00	XP가 부족합니다.<br>※스테이지 클리어 등으로 획득하거나<br>아이템 샵에서 구입할 수 있습니다.
omikuji_lock01	제비뽑기의 재고가 없는 듯하다
gama_jinja_00_popup	<flash>냥코 제비뽑기 혜택!</flash><br>신의 배려로 '이나리'가 가마토토 탐험대에 임시 가입!<br>딱 한 번만 획득 아이템 수를 UP 시켜줍니다.<br>※고양이 통조림은 예외
gama_jinja_00_name	이나리
gama_jinja_00_charatext	신의 배려로 가마토토 탐험대에 임시 가입한 여우<br>딱 한 번만 획득 아이템 수를 UP 시켜줍니다.<br>※고양이 통조림은 예외
item_pack_name_29	기간 한정! 레전드 티켓 구입
omikuji_fortune00	소망: 
omikuji_fortune01	학업: 
omikuji_fortune02	기다리는 사람: 
omikuji_fortune03	장사: 
omikuji_fortune04	잃어버린 것: 
omikuji_fortune05	금전: 
omikuji_fortune06	여행: 
omikuji_fortune07	분쟁: 
omikuji_fortune08	건강: 
omikuji_fortune09	연애: 
omikuji_outlook	<color=255,255,0>전망: </color>
gatyadata_error_popup	뽑기가 개최되고 있지 않습니다
htmldata_error_popup	페이지를 표시할 수 없습니다
gama_jinja_00_gohome	이나리는 신에게 돌아갔다
gama_collabo_03_popup	<flash>하츠네 미쿠 콜라보 개최 중!</flash><br>「래빗 유키네」가 가마토토 탐험대에 임시 가입!<br>콜라보 기간 중, 획득 아이템 수가 UP됩니다<br>※고양이 통조림은 대상 외
gama_collabo_03_name	래빗 유키네
gama_collabo_03_charatext	가마토토 탐험대에 임시 가입한 유키 미쿠의 애완 토끼<br>콜라보 기간 중, 획득 아이템 수를 UP 시켜줍니다<br>※고양이 통조림은 대상 외
gamestop_device	이 세이브 데이터는 다른 단말기에서\n플레이되고 있어 현재 단말기에서는\n이어하실 수 없습니다.\n게임을 삭제한 후 재설치하면\n처음부터 플레이하실 수 있습니다.
item_pack_name_32	지원 세일! 고양이 도령 사용 3시간 무제한 구입
item_pack_name_33	지원 세일! 야옹컴 사용 3시간 무제한 구입
item_pack_name_34	지원 세일! 스냥이퍼 사용 3시간 무제한 구입
otasuke_sale2	고양이 도령 사용 3시간 무제한!<br>
otasuke_sale3	야옹컴 사용 3시간 무제한!<br>
otasuke_sale5	스냥이퍼 사용 3시간 무제한!<br>
GiftMessage_019	<flash>스테이지 클리어 보너스⑧</flash><br>「고대 나무의 미궁」의 최종 스테이지를 클리어하면<br>초 레어 캐릭터 「고대 가면신 드론」을<br>적은 확률로 획득할 수 있다냥!
save_failed1	단말기 용량 부족으로 데이터 보존에 실패했습니다.
save_failed2	단말기 용량 부족으로 데이터 보존에 실패했습니다.
comeback_stamp_push01	오늘의 컴백 스탬프를 이미 받았냥? XP를 대량으로 획득할 수 있다냥~!
comeback_stamp_push02	매일 냥코 티켓 3장! 컴백 스탬프로 받을 수 있다냥!
comeback_stamp_push03	오늘의 컴백 스탬프를 받았냥? 7일째까지 로그인하여 레어 티켓 2장을 획득하자냥~!
item_pack_name_36	파워 업 세일! 고양이 통조림 & 아이템 팩 (A) 구입
item_pack_name_37	파워 업 세일! 고양이 통조림 & 아이템 팩 (B) 구입
item_pack_name_38	파워 업 세일! 고양이 통조림 & 아이템 팩 (C) 구입
item_conversion	플래티넘 조각 %d개를 소비해서<br><flash>플래티넘 티켓 %d장을 획득했습니다.</flash>
fragment_message	플래티넘 조각<br>10개를 모으면 플래티넘 티켓 1장을 획득할 수 있습니다.<br>현재 %d개를 가지고 있습니다.
fragment_bonus	지금 11회 연속 뽑기를 돌리면<br>플래티넘 조각 1개를 선물!<br>10개를 모으면<flash>플래티넘 티켓</flash>을 1장 획득할 수 있습니다.
equipment_error	이 본능 구슬은 「%@에 %@」의 효과를 가진<br>캐릭터에만 장착할 수 있습니다.
scratch_message	「%s」 %d개 획득!
scratch_SNS_000	#냥코스크래치복권 에서 고양이 통조림 %d개 획득했다냥!<br>기간 중, 매주 도전 가능! 매주 참가하여 더 많은 고양이 통조림을 획득하자냥~!<br><br>#냥코대전쟁 #냥코스크래치 #고양이의여름2023
item_pack_name_39	감사 팩 구입
potential_skill_name57	속성 악마
assault_skip	【피로가 조금 회복되었다냥】<br><flash>클리어 가능 횟수가 1 회복되었습니다!</flash><br>바로 도전 가능합니다<br><color=255,255,0>클리어 가능 횟수 1/${countNum} ${assaultWord}</color>
assault_word	(완전 회복까지 ${minutes2}분)
potential_skill_name58	쉴드 브레이커
potential_skill_name59	영혼 공격
potential_skill_name60	저주
demon_error_popup	<color=255,255,0>이 스테이지에는 아직 도전할 수 없습니다.</color>
demon_timelimit	나머지 %d:%02d:%02d
sealed_announce	악마성의 효과로 레벨이 봉인되었습니다.<br>현재의 캐릭터 해방 Lv %d
sealed_release	악마성을 파괴하여 캐릭터 레벨이 일부 해방되었다냥!<br>현재 캐릭터 <flash>해방 Lv %d</flash>
sealed_information	악마성의 봉인 효과 발동 중<br>현재 캐릭터<color=255,255,0> 해방 Lv %d</color>
unlock_popup_message_101	<flash>마계편 출현!</flash><br>모든 악마 조사를 달성하여 마계의 문이 열렸다냥!<br>타이틀 화면의 세계편에서 확인 가능합니다.
unlock_popup_message_102	<flash>우리 냥코 군단이 대신관 마몬을 물리쳤다냥!</flash><br>그러나 파괴신 부활을 막지 못했다냥!
unlock_popup_message_103	<flash>올 클리어 보너스!</flash><br>EX캐릭터 「%@」 획득!<br>파워 업 화면에서 무료로 획득할 수 있습니다.
unlock_popup_message_104	<flash>악마성의 봉인 효과가 무효화!</flash><br>캐릭터의 ＋Lv도 모두 해방!
demon_return_title	수취 가능한 보수가 있습니다!<br>고양이 기지에서 획득할 수 있습니다.<br>타이틀 화면으로 이동합니다!
demon_return_select	수취 가능한 보수가 있습니다!<br>고양이 기지에서 획득할 수 있습니다.<br>고양이 기지로 이동합니다!
stage_restriction_charagroup_5	두근두근 냥코 학교 캐릭터
stage_restriction_charagroup_6	고양이의 여름 방학 이벤트 곤충 캐릭터
stage_restriction_charagroup_7	월드 트리거 콜라보 캐릭터
scheme_item_param_87	nyanko9_kr1
scheme_popup_87	냥코 퀘스트<br>콜라보 미션 달성 보수 1<br><flash>%@ %@개 획득!</flash>
scheme_item_param_88	nyanko9_kr2
scheme_popup_88	냥코 퀘스트<br>콜라보 미션 달성 보수 2<br><flash>%@ %@개 획득!</flash>
scheme_item_param_89	nyanko9_kr3
scheme_popup_89	냥코 퀘스트<br>콜라보 미션 달성 보수 3<br><flash>%@ %@개 획득!</flash>
scheme_item_param_90	nyanko9_kr4
scheme_popup_90	냥코 퀘스트<br>콜라보 미션 달성 보수 4<br><flash>%@ %@개 획득!</flash>
scheme_item_param_91	nyanko9_kr5
scheme_popup_91	냥코 퀘스트<br>콜라보 미션 달성 보수 5<br><flash>%@ %@장획득!</flash>
settlement_error	결제가 완료되지 않았습니다. \n결제 완료 후 아이템이 부여됩니다.
tower_sns_006	우리 냥코 군단이 이계 냥코탑의 %@을 정복했습니다. %s %s
scheme_popup_96	<flash>앙케이트 참가 보상!<br>%@ %@개 획득!</flash>
skip_description	이미 ${stageName1}을 클리어하였으므로<br><flash>${stageName2}</flash>부터 시작합니다.
stageskip_message_0	풍운 냥코탑 ${stageName1}을 클리어!<br>다음 도전에서는 <flash>${stageName2}</flash>부터 시작합니다.
stageskip_message_1	이계 냥코탑 ${stageName1}을 클리어!<br>다음 도전에서는 <flash>${stageName2}</flash>부터 시작합니다.
unlock_popup_message_106	<flash>우주편 클리어 보너스!</flash><br>신을 쓰러뜨려서  「고양이 초인｣ 이 출현했습니다!</flash><br>냥코 뽑기+에서 획득 가능합니다.
unlock_popup_message_107	<flash>「냥코 뽑기+」가 해방되었습니다!</flash><br>냥코 저장고에 보존 가능한 캐릭터 64개 → <color=255,255,0>128개</color><br>기본 캐릭터의 교환 NP 1 → <color=255,255,0>2</color>
scratch_SNS_001	
gama_jinja_01_popup	<flash>냥코 제비뽑기 혜택!</flash><br>${itemName}을(를) ${itemNum}개 획득!
scratch_SNS_002	#냥코_학교_매점_특제_스크래치_복권 에서 고양이 통조림 %d개 획득했다냥!<br>기간 중, 매주 도전 가능! 매주 참가하여 더 많은 고양이 통조림을 획득하자냥~!<br><br>#냥코대전쟁 #냥코_스크래치 #두근두근_냥코_학교
view_unavailable	시청 가능한 광고가 없습니다.
view_limit_reached	시청 횟수가 초과되었습니다
data_download_error_hash_mismatch	세이브 데이터에 문제가 있습니다. (에러 코드 TE01)<br>문의 시에는 '문의 코드', '에러 코드' 등의 정보를 함께 적어서 보내주시기 바랍니다.
data_download_error_could_not_load	세이브 데이터에 문제가 있습니다. (에러 코드 TE02)<br>문의 시에는 '문의 코드', '에러 코드' 등의 정보를 함께 적어서 보내주시기 바랍니다.
data_download_error_could_not_read_local_backup	세이브 데이터에 문제가 있습니다. (에러 코드 TE03)<br>문의 시에는 '문의 코드', '에러 코드' 등의 정보를 함께 적어서 보내주시기 바랍니다.
data_download_error_could_not_load_local_backup	세이브 데이터에 문제가 있습니다. (에러 코드 TE04)<br>문의 시에는 '문의 코드', '에러 코드' 등의 정보를 함께 적어서 보내주시기 바랍니다.
GiftMessage_020	<flash>스테이지 클리어 보너스⑨</flash><br>「천년수 명산」의 최종 스테이지를 클리어하면<br>초 레어 캐릭터 「고대수 나라」를<br>낮은 확률로 획득할 수 있다냥!
unlock_popup_message_108	<flash>고양이 드링크 스테이지 「블루 임팩트」가 해방!</flash><br>고양이 드링크를 사용하여 언제든지 도전할 수 있습니다.
scratch_SNS_003	#쁘띠_냥코_스크래치_복권 에서 고양이 통조림 %d개 획득했다냥!<br>지금 바로 참가하여 고양이 통조림을 획득하자냥~!<br><br>#냥코대전쟁 #쁘띠_냥코_스크래치
unlock_popup_message_109	<flash>고양이 드링크 스테이지 「광란의 귀여미 강림」이 해방!</flash><br>고양이 드링크를 사용하여 언제든지 도전할 수 있습니다.
unlock_popup_message_110	<flash>고양이 드링크 스테이지 「긴급 폭풍 경보」가 해방!</flash><br>고양이 드링크를 사용하여 언제든지 도전할 수 있습니다.
unlock_popup_message_111	<flash>고양이 드링크 스테이지 「롤링 데드」가 해방!</flash><br>고양이 드링크를 사용하여 언제든지 도전할 수 있습니다.
unlock_popup_message_112	<flash>고양이 드링크 스테이지 「제0호 태풍」이 해방!</flash><br>고양이 드링크를 사용하여 언제든지 도전할 수 있습니다.
unlock_popup_message_113	<flash>고양이 드링크 스테이지 「메가 사탄」이 해방!</flash><br>고양이 드링크를 사용하여 언제든지 도전할 수 있습니다.
unlock_popup_message_114	<flash>고양이 드링크 스테이지 「어두컴컴 늪바닥」이 해방!</flash><br>고양이 드링크를 사용하여 언제든지 도전할 수 있습니다.
unlock_popup_message_115	<flash>고양이 드링크 스테이지 「대광란의 고양이 강림」이 해방!</flash><br>고양이 드링크를 사용하여 언제든지 도전할 수 있습니다.
unlock_popup_message_116	<flash>고양이 드링크 스테이지 「대광란의 탱크 강림」이 해방!</flash><br>고양이 드링크를 사용하여 언제든지 도전할 수 있습니다.
unlock_popup_message_117	<flash>고양이 드링크 스테이지 「대광란의 배틀 강림」이 해방!</flash><br>고양이 드링크를 사용하여 언제든지 도전할 수 있습니다.
unlock_popup_message_118	<flash>고양이 드링크 스테이지 「대광란의 징글 고양이 강림」이 해방!</flash><br>고양이 드링크를 사용하여 언제든지 도전할 수 있습니다.
unlock_popup_message_119	<flash>고양이 드링크 스테이지 「대광란의 황소 강림」이 해방!</flash><br>고양이 드링크를 사용하여 언제든지 도전할 수 있습니다.
unlock_popup_message_120	<flash>고양이 드링크 스테이지 「대광란의 새 강림」이 해방!</flash><br>고양이 드링크를 사용하여 언제든지 도전할 수 있습니다.
unlock_popup_message_121	<flash>고양이 드링크 스테이지 「대광란의 피쉬 강림」이 해방!</flash><br>고양이 드링크를 사용하여 언제든지 도전할 수 있습니다.
unlock_popup_message_122	<flash>고양이 드링크 스테이지 「대광란의 도마뱀 강림」이 해방!</flash><br>고양이 드링크를 사용하여 언제든지 도전할 수 있습니다.
unlock_popup_message_123	<flash>고양이 드링크 스테이지 「대광란의 거신 강림」이 해방!</flash><br>고양이 드링크를 사용하여 언제든지 도전할 수 있습니다.
unlock_popup_message_124	<flash>고양이 드링크 스테이지 「절망신차원」이 해방!</flash><br>고양이 드링크를 사용하여 언제든지 도전할 수 있습니다.
unlock_popup_message_125	<flash>스테이지 클리어 보너스!</flash><br>EX캐릭터 「토우전사 도그마루｣<br>제3형태 획득! Lv30 달성 후<br>필요한 XP, 소재를 사용해서 진화 가능합니다.
unlock_popup_message_126	<flash>스테이지 클리어 보너스!</flash><br>EX캐릭터 「펜리르와 우르스｣<br>제3형태 획득! Lv30 달성 후<br>필요한 XP, 소재를 사용해서 진화 가능합니다.
unlock_popup_message_127	<flash>스테이지 클리어 보너스!</flash><br>EX캐릭터 「고대 가면신 드론｣<br>제3형태 획득! Lv30 달성 후<br>필요한 XP, 소재를 사용해서 진화 가능합니다.
unlock_popup_message_128	<flash>스테이지 클리어 보너스!</flash><br>EX캐릭터 「고대수 나라｣<br>제3형태 획득! Lv30 달성 후<br>필요한 XP, 소재를 사용해서 진화 가능합니다.
unlock_popup_message_129	<flash>레벨 상한 해방!</flash><br>캣츠아이를 사용해서 일부 EX캐릭터의<br>레벨 상한을 추가로 해방 시킬 수 있습니다.<br>※유저 랭크가 1600이상이어야 합니다.
unlock_popup_message_130	<flash>「레전드 스토리」에 레전드 스토리 0가 출현!</flash><br>「레전드 스토리」에서 도전할 수 있습니다!
unlock_popup_message_131	<flash>스테이지 클리어 보너스!</flash><br>EX캐릭터 「필리버스터X｣<br>제3형태 획득! Lv30 달성 후<br>필요한 XP, 소재를 사용해서 진화 가능합니다.
unlock_popup_message_132	<flash>지하 미궁이 해방되었습니다!!</flash><br>이벤트 개최 기간 중에 타이틀 화면에 출현하는<br>지하 미궁을 선택하여 도전할 수 있습니다!
drop_info_single	<color=0,0,0>이 스테이지에서<br>1번만 획득 가능한 보상</color><br><color=255,0,0>${dropContents}</color><color=0,0,0>은(는)<br>${statusWord}</color>
drop_info_multi	<color=0,0,0>이 스테이지에서<br>1번만 획득 가능한 보상</color><br><color=255,0,0>${dropContents}</color><color=0,0,0> 등은<br>${statusWord}</color>
drop_contents1	${itemName}+${itemNum}
drop_contents2	캐릭터 「${charaName}」
drop_contents3	「${charaName}」 제3형태
status_acquire	이미 획득 완료하였습니다
status_unacquired	아직 획득 하지 못했습니다
AccountDelete_error01	삭제 코드 생성에 실패하였습니다.<br>단말기의 통신 환경을 확인하시길 바랍니다.
AccountDelete_error02	계정 삭제에 실패하였습니다<br>단말기의 통신 환경을 확인하시길 바랍니다.
AccountDelete_error03	삭제 코드의 유효 기간이 지났습니다.<br>처음부터 다시 시도하여 주시길 바랍니다.
scheme_item_param_47	nekohopper_kr1
scheme_popup_47	GO!GO! 고양이 홉핑<br>콜라보 미션 달성 보수 1<br><flash>%@%@개 획득!</flash>
scheme_item_param_48	nekohopper_kr2
scheme_popup_48	GO!GO! 고양이 홉핑<br>콜라보 미션 달성 보수 2<br><flash>%@%@개 획득!</flash>
scheme_item_param_49	nekohopper_kr3
scheme_popup_49	GO!GO! 고양이 홉핑<br>콜라보 미션 달성 보수 3<br><flash>%@%@개 획득!</flash>
scheme_item_param_50	nekohopper_kr4
scheme_popup_50	GO!GO! 고양이 홉핑<br>콜라보 미션 달성 보수 4<br><flash>%@%@개 획득!</flash>
scheme_item_param_51	nekohopper_kr5
scheme_popup_51	GO!GO! 고양이 홉핑<br>콜라보 미션 달성 보수 5<br><flash>%@%@개 획득!</flash>
boost_message	<color=255,0,255>스피드 업</color><br><color=0,0,0> 아이템을 소모하여 속도 부스트 발동<br>전투 중 아이템을 탭하면<br>OFF・2배속・3배속으로 변경 가능</color>
item_pack_name_44	초보자 응원 팩 구입
item_pack_name_45	초보자 슈퍼 응원 팩 구입
item_pack_name_46	초보자 울트라 응원 팩 구입
item_pack_name_50	응원 세일! 대박 고양이 통조림 팩 구입
item_pack_name_51	응원 세일! 초 대박 고양이 통조림 팩 구입
item_pack_name_52	응원 세일! 완전 대박 고양이 통조림 팩 구입
item_pack_name_53	기간 한정! 레어 티켓 구입
item_pack_name_55	감사 팩 구입
item_pack_name_56	땡큐땡큐 팩
item_pack_name_57	초한정 세일! 고양이 통조림 팩(A)
item_pack_name_58	초한정 세일! 고양이 통조림 팩(B)
item_pack_name_59	초한정 세일! 고양이 통조림 팩(C)
item_pack_name_60	한정 세일! 고양이 통조림 팩(A) 구입
item_pack_name_61	한정 세일! 고양이 통조림 팩(B) 구입
item_pack_name_62	한정 세일! 고양이 통조림 팩(C) 구입
item_pack_name_63	파워 업 세일! 고양이 통조림 & 아이템 팩 (A) 구입
item_pack_name_64	파워 업 세일! 고양이 통조림 & 아이템 팩 (B) 구입
item_pack_name_65	파워 업 세일! 고양이 통조림 & 아이템 팩 (C) 구입
item_pack_name_66	응원 세일! 대박 고양이 통조림 팩
item_pack_name_67	대박! 고양이 통조림 팩 구입
item_pack_name_68	대박! 경험치 팩 구입
item_pack_name_69	초보자 응원 팩
unusable_info	캐릭터 ${unusableNum}개가 함정에 빠졌다냥!<br>다음 스테이지 도전 시부터 편성할 수 없습니다.
change_info	캐릭터 ${unusableNum}개가 함정에 빠졌다냥!<br><color=255,255,0>함정에 빠진 캐릭터 중에서<br>${usableNum}개를 탭하여 구출해 주세요.</color>
change_limit	<color=255,255,0>더 이상 구출할 수 없습니다.</color>
change_lack	구출 가능 캐릭터를 <color=255,255,0>${usableNum}개 더</color> 선택해 주세요.
change_confirmation	함정에 빠진 캐릭터는<br>다음 스테이지 도전 시부터 편성할 수 없습니다.<br>확정하시겠습니까?
labyrinth_start	지하 미궁 이벤트 개최 중!<br>(이벤트 개최 기간: ${startDate} ~ ${endDate})<br>미궁을 보다 깊이 탐색하여 다른 유저들과 순위를 다투어보자냥!<br>기간 종료 후, 순위에 따라 보수를 받을 수 있다냥!
labyrinth_announce1	지하 미궁 이벤트 결과 발표<br>(이벤트 개최 기간: ${startDate} ~ ${endDate})<br>최종 순위: 상위 ${rankingNum}%!<br>보수는 수신박스에서 받을 수 있습니다.<br>(수취 기간은 1개월간입니다)
labyrinth_announce2	지하 미궁 이벤트 결과 발표<br>(이벤트 개최 기간: ${startDate} ~ ${endDate})<br>최종 순위: 상위 ${rankingNum}%!<br>이번에는 보수권 밖이다냥<br>다음을 노려보자냥!
labyrinth_announce3	지하 미궁 이벤트 종료!<br>다음 도전을 기다리겠다냥!
labyrinth_challenge_item	지하 미궁 스테이지에서는<br>「스피드 업」과 「야옹컴」을 무제한으로 쓸 수 있다냥!<br>※속도 부스트 발동 시에는 아이템이 소모됩니다
labyrinth_play_error1	<color=255,255,0>지하 미궁에서는 이미 클리어한 스테이지에 도전할 수 없습니다</color>
labyrinth_play_error2	<color=255,255,0>도전 시 필요한 캐릭터가 편성되어 있지 않습니다.<br>편성 가능한 캐릭터를 10개 편성해 주세요.</color>
labyrinth_slot_error	<color=255,255,0>지하 미궁에서는 전회 클리어 시의 편성을 이용할 수 없습니다</color>
labyrinth_slot_name	조사단
labyrinth_combo_error	<color=255,255,0>지하 미궁의 저주로 인하여<br>자동으로 냥콤보를 세팅할 수 없습니다</color>
labyrinth_cancel	전투를 중지할까요?<br><color=255,0,0>일부 캐릭터가 함정에 빠지게 됩니다</color><br><color=178,178,178>※함정에 빠진 캐릭터는 다음 도전 시부터 편성할 수 없습니다.</color>
labyrinth_result	${stageName}을 돌파!<br>현재 모든 조사단 중 상위 ${rankingNum}%다냥!
item_pack_name_71	초대박! 경험치 팩 구입
item_pack_name_72	초대박! 캣츠아이 & 배틀 아이템 팩 구입
item_pack_name_73	캣츠아이 & 레어 티켓 세트 구입
item_pack_name_8	대박! 고양이 통조림 팩 구입
item_pack_name_9	대박! 경험치 팩 구입
item_pack_name_10	대박! 아이템 팩 구입
item_pack_name_47	대박! 고양이 통조림 팩 구입
item_pack_name_48	대박! 경험치 팩 구입
item_pack_name_49	대박! 아이템 팩 구입
item_pack_name_74	대박! 고양이 통조림 팩 구입
potential_skill_warning01	<flash>레벨 ${level}</flash> 달성 시 초본능을 해방시킬 수 있습니다<br>※해방 레벨은 +레벨도 포함됩니다
potential_skill_warning02	<flash>레벨 ${level}</flash> 달성 시 두번째 본능 구슬 슬롯이 해방됩니다<br>※해방 레벨은 +레벨도 포함됩니다
potential_skill_option00	<flash>${charaName}</flash>의<br>초본능이 해방되었습니다!
potential_skill_option01	<flash>${charaName}</flash>의<br>추가 본능 구슬 슬롯이 해방되었습니다!
potential_skill_option02	<flash>${charaName}</flash>의<br>초본능과 추가 본능 구슬 슬롯이 해방되었습니다!
potential_name1	초본능
potential_skill_name61	공격 간격 단축
item_pack_name_75	공략 응원 팩 구입
Castle_dev_finish03	<flash>${recipeName}의 ${partsName} 개조가 완료되었습니다!</flash>
Castle_dev_finish04	<flash>재료 합성이 완료되었습니다!</flash><br> ${itemName} ${value1} → <color=255,255,0>${value2}</color>
Castle_lock06	필요한 재료가 부족합니다<br>※재료 합성으로 이차원의 재료를 획득할 수 있습니다
Castle_dev_start03	${recipeName}의 ${partsName} 개조를 시작합니다
Castle_dev_start04	재료 합성을 시작합니다
Castle_UnlockDataId_9	슬로우포의 주포를 개발하고 <br>레전드 스토리 '고대 연구소' 클리어
Castle_UnlockDataId_10	철벽포의 주포를 개발하고 <br>레전드 스토리 '고대 연구소' 클리어
Castle_UnlockDataId_11	천둥포의 주포를 개발하고 <br>레전드 스토리 '고대 연구소' 클리어
Castle_UnlockDataId_12	물총포의 주포를 개발하고 <br>레전드 스토리 '고대 연구소' 클리어
Castle_UnlockDataId_13	천사포의 주포를 개발하고 <br>레전드 스토리 '고대 연구소' 클리어
Castle_UnlockDataId_14	캐논포의 주포를 개발하고 <br>레전드 스토리 '고대 연구소' 클리어
Castle_UnlockDataId_15	저주포의 주포를 개발하고 <br>레전드 스토리 '고대 연구소' 클리어
Castle_mixitem00	냥코 대포의 토대, 장식의 개조와 강화에<br>사용 가능한 재료를 합성합니다
stage_restriction_charagroup_8	
potential_skill_name62	소파동
filter_option_description2	<color=0,0,0>「타겟」 「효과/능력」의 검색 방법을 바꿉니다<br>OR: 조건의 일부라도 일치하는 캐릭터를 표시<br>AND: 조건에 전부 일치하는 캐릭터를 표시</color>
unlock_popup_message_133	오토토 개발대에<br><flash>'토대, 장비 개조'와 '재료 합성'이 해방되었습니다!</flash><br>고양이 기지의 가마토토에서 확인할 수 있습니다
unlock_popup_message_134	<flash>+Lv 상한 해방!</flash><br>스테이지 클리어로 '꼬맹이 고양이' 캐릭터들의<br>+Lv을 +Lv45까지 해방 가능합니다
unlock_popup_message_135	<flash>+Lv 상한 해방!</flash><br>스테이지 클리어로 '꼬맹이 고양이' 캐릭터들의<br>+Lv을 +Lv50까지 해방 가능합니다
unlock_popup_message_136	<flash>+Lv 상한 해방!</flash><br>스테이지 클리어로 '꼬맹이 고양이' 캐릭터들의<br>+Lv을 +Lv55까지 해방 가능합니다
unlock_popup_message_137	<flash>+Lv 상한 해방!</flash><br>스테이지 클리어로 '꼬맹이 고양이' 캐릭터들의<br>+Lv을 +Lv60까지 해방 가능합니다
potential_skill_name63	초생명체 특효
potential_skill_name64	초수 특효
stage_restriction_charagroup_9	고양이
potential_skill_name65	소열파
talk_004_push	고양이 기지 〇✕ 퀴즈 다음 문제를 맞혀보자냥~
slot_SNS_002	#냥코슬롯 으로 고양이 통조림 %d개 획득했다냥! <br><br>#냥코대전쟁 #9주년
stageskip_message_2	거대 바・다레오파드 강습 ${stageName1}를(을) 클리어!<br>다음 도전에서는 <flash>${stageName2}</flash>부터 시작합니다.
stageskip_message_3	자이언트 블랙 빠옹 강습 ${stageName1}을(를) 클리어!<br>다음 도전에서는 <flash>${stageName2}</flash>부터 시작합니다.
stageskip_message_4	슈퍼 나나나난나방 강습 ${stageName1}을(를)  클리어!<br>다음 도전에서는 <flash>${stageName2}</flash>부터 시작합니다.
stageskip_message_5	빅 하앜마양 강습 ${stageName1}를(을) 클리어!<br>다음 도전에서는 <flash>${stageName2}</flash>부터 시작합니다.
stageskip_message_6	대천사 엑스엘 강습 ${stageName1}를(을) 클리어!<br>다음 도전에서는 <flash>${stageName2}</flash>부터 시작합니다.
stageskip_message_7	빅펜 Z 강습 ${stageName1}를(을) 클리어!<br>다음 도전에서는 <flash>${stageName2}</flash>부터 시작합니다.
stageskip_message_8	오멘즈 강습 ${stageName1}를(을)  클리어!<br>다음 도전에서는 <flash>${stageName2}</flash>부터 시작합니다.
unlock_popup_message_138	<flash>「야옹컴」 전투 스킵 기능이 해방!</flash><br>야옹컴 선택 상태에서 아이콘을 한번 더 탭하고<br>이미 클리어 한 스테이지를 플레이하면<br>전투를 스킵하고 보수를 획득할 수 있습니다.<br>※일부 스테이지에서는 사용 불가
ScatCPU_info1	${itemName1}를(을) <flash>${itemNum1}개</flash> 사용하여<br>전투를 스킵하시겠습니까?<br>(오늘의 스킵 가능 횟수 ${itemNum2}번 남음)
ScatCPU_info2	<flash>야옹컴 무제한 사용 중에는 야옹컴이 소비되지 않습니다.</flash><br>전투를 스킵하시겠습니까?<br>(오늘의 스킵 가능 횟수 ${itemNum}번 남음)
ScatCPU_XPdrop	<color=255,255,0>완전 승리!!</color><br>스테이지 클리어 경험치 <flash>획득!!</flash><br>「${itemName} + ${itemNum}」
ScatCPU_message	<color=255,0,255>야옹컴</color><br><color=0,0,0>고양이형 CPU가 전투를 대신 해줍니다<br>단, 고양이형이므로 성능은...<br>아이콘을 한번 더 탭하면 성능이 대폭 업그레이드!<br>「CLEAR!」 스테이지의 전투를 스킵할 수 있습니다.</color>
ScatCPU_error1	전투 스킵 가능 횟수를 초과하였습니다.<br>스킵 가능 횟수는 다음날 0시에 리셋됩니다.
ScatCPU_error2	단말기 시간이 변경되었을 가능성이 있습니다.<br>일정 시간 동안 전투 스킵을 사용할 수 없습니다.
ScatCPU_error3	야옹컴이 부족합니다.<br>아이템 샵으로 이동하시겠습니까?
ScatCPU_error4	${itemName1}를(을) <flash>${itemNum1}개</flash> 사용하여<br>전투를 스킵하시겠습니까?<br><color=255,255,0>스코어 보상 스테이지의 「스코어 보상」은 획득할 수 없습니다.</color><br>(오늘의 스킵 가능 횟수 ${itemNum2}번 남음)
ScatCPU_error5	야옹컴 무제한 사용 중에는 야옹컴이 소비되지 않습니다.<br>전투를 스킵하시겠습니까?<br><color=255,255,0>스코어 보상 스테이지의 「스코어 보상」은 획득할 수 없습니다.</color><br>(오늘의 스킵 가능 횟수 ${itemNum2}번 남음)
ScatCPU_error6	${itemName1}를(을) <flash>${itemNum1}개</flash> 사용하여<br>전투를 스킵하시겠습니까?<br><color=255,255,0>전투 스킵 시 EX스테이지는 출현하지 않습니다.</color><br>(오늘의 스킵 가능 횟수 ${itemNum2}번 남음)
ScatCPU_error7	야옹컴 무제한 사용 중에는 야옹컴이 소비되지 않습니다.<br>전투를 스킵하시겠습니까?<br><color=255,255,0>전투 스킵 시 EX스테이지는 출현하지 않습니다.</color><br>(오늘의 스킵 가능 횟수 ${itemNum2}번 남음)
ScatCPU_error8	아직 클리어 하지 않아 전투 스킵을 사용할 수 없습니다.
ScatCPU_error9	이 스테이지는 전투 스킵을 할 수 없다냥.<br>화이팅해서 플레이하자냥!
filter_option_description3	<color=0,0,0>「진화 버튼」이 표시되어 있는<br>캐릭터를 표시합니다</color>
filter_option_description4	<color=0,0,0>「본능 버튼」이 해방되어 있는<br>캐릭터를 표시합니다</color>
chapter_name_8	우주편 2장
labyrinth_autoslot	변경 가능한 캐릭터를 자동으로 교체합니다
push_permission	단말기의 알람과 리마인더 설정을 ON하면<br>정확한 시간에 알림을 받을 수 있습니다<br><color=255,255,0>Android의 설정 화면으로 이동하시겠습니까?</color>
